train_id;train_send_countid;paket_id;count_pakets_in_train;recv_time;send_time;recv_data_rate;recv_timeout_wait;last_recv_train_id;last_recv_train_send_countid;last_recv_paket_id


1;0;0;4;0.0;1409842063.413488554;1607429;0;0;0;3
1;0;1;4;0.0;1409842063.413521868;1607429;0;0;0;3
1;0;2;4;0.0;1409842063.413531716;1607429;0;0;0;3
1;0;3;4;0.0;1409842063.413542122;1607429;0;0;0;3
3;0;0;802;0.0;1409842064.89801024;1195330;0;2;0;802
3;0;1;802;0.0;1409842064.89831195;1195330;0;2;0;802
3;0;2;802;0.0;1409842064.89839506;1195330;0;2;0;802
3;0;3;802;0.0;1409842064.89846630;1195330;0;2;0;802
3;0;4;802;0.0;1409842064.89853405;1195330;0;2;0;802
3;0;5;802;0.0;1409842064.89860738;1195330;0;2;0;802
3;0;6;802;0.0;1409842064.89867652;1195330;0;2;0;802
3;0;7;802;0.0;1409842064.89875125;1195330;0;2;0;802
3;0;8;802;0.0;1409842064.89881760;1195330;0;2;0;802
3;0;9;802;0.0;1409842064.89887767;1195330;0;2;0;802
3;0;10;802;0.0;1409842064.89893773;1195330;0;2;0;802
3;0;11;802;0.0;1409842064.89899849;1195330;0;2;0;802
3;0;12;802;0.0;1409842064.89905646;1195330;0;2;0;802
3;0;13;802;0.0;1409842064.89911722;1195330;0;2;0;802
3;0;14;802;0.0;1409842064.89917938;1195330;0;2;0;802
3;0;15;802;0.0;1409842064.89924084;1195330;0;2;0;802
3;0;16;802;0.0;1409842064.89929811;1195330;0;2;0;802
3;0;17;802;0.0;1409842064.89936027;1195330;0;2;0;802
3;0;18;802;0.0;1409842064.89941963;1195330;0;2;0;802
3;0;19;802;0.0;1409842064.89947830;1195330;0;2;0;802
3;0;20;802;0.0;1409842064.89953487;1195330;0;2;0;802
3;0;21;802;0.0;1409842064.89959773;1195330;0;2;0;802
3;0;22;802;0.0;1409842064.89965989;1195330;0;2;0;802
3;0;23;802;0.0;1409842064.89988268;1195330;0;2;0;802
3;0;24;802;0.0;1409842064.89995741;1195330;0;2;0;802
3;0;25;802;0.0;1409842064.90001747;1195330;0;2;0;802
3;0;26;802;0.0;1409842064.90008243;1195330;0;2;0;802
3;0;27;802;0.0;1409842064.90013970;1195330;0;2;0;802
3;0;28;802;0.0;1409842064.90020255;1195330;0;2;0;802
3;0;29;802;0.0;1409842064.90026122;1195330;0;2;0;802
3;0;30;802;0.0;1409842064.90032478;1195330;0;2;0;802
3;0;31;802;0.0;1409842064.90039392;1195330;0;2;0;802
3;0;32;802;0.0;1409842064.90045259;1195330;0;2;0;802
3;0;33;802;0.0;1409842064.90052522;1195330;0;2;0;802
3;0;34;802;0.0;1409842064.90058528;1195330;0;2;0;802
3;0;35;802;0.0;1409842064.90065722;1195330;0;2;0;802
3;0;36;802;0.0;1409842064.90071868;1195330;0;2;0;802
3;0;37;802;0.0;1409842064.90077735;1195330;0;2;0;802
3;0;38;802;0.0;1409842064.90083811;1195330;0;2;0;802
3;0;39;802;0.0;1409842064.90090167;1195330;0;2;0;802
3;0;40;802;0.0;1409842064.90096522;1195330;0;2;0;802
3;0;41;802;0.0;1409842064.90102389;1195330;0;2;0;802
3;0;42;802;0.0;1409842064.90108535;1195330;0;2;0;802
3;0;43;802;0.0;1409842064.90115100;1195330;0;2;0;802
3;0;44;802;0.0;1409842064.90120967;1195330;0;2;0;802
3;0;45;802;0.0;1409842064.90127741;1195330;0;2;0;802
3;0;46;802;0.0;1409842064.90133468;1195330;0;2;0;802
3;0;47;802;0.0;1409842064.90140243;1195330;0;2;0;802
3;0;48;802;0.0;1409842064.90146179;1195330;0;2;0;802
3;0;49;802;0.0;1409842064.90151906;1195330;0;2;0;802
3;0;50;802;0.0;1409842064.90157913;1195330;0;2;0;802
3;0;51;802;0.0;1409842064.90163919;1195330;0;2;0;802
3;0;52;802;0.0;1409842064.90169995;1195330;0;2;0;802
3;0;53;802;0.0;1409842064.90175862;1195330;0;2;0;802
3;0;54;802;0.0;1409842064.90181449;1195330;0;2;0;802
3;0;55;802;0.0;1409842064.90188922;1195330;0;2;0;802
3;0;56;802;0.0;1409842064.90194928;1195330;0;2;0;802
3;0;57;802;0.0;1409842064.90201214;1195330;0;2;0;802
3;0;58;802;0.0;1409842064.90206941;1195330;0;2;0;802
3;0;59;802;0.0;1409842064.90213786;1195330;0;2;0;802
3;0;60;802;0.0;1409842064.90219652;1195330;0;2;0;802
3;0;61;802;0.0;1409842064.90225379;1195330;0;2;0;802
3;0;62;802;0.0;1409842064.90232363;1195330;0;2;0;802
3;0;63;802;0.0;1409842064.90238719;1195330;0;2;0;802
3;0;64;802;0.0;1409842064.90244935;1195330;0;2;0;802
3;0;65;802;0.0;1409842064.90250802;1195330;0;2;0;802
3;0;66;802;0.0;1409842064.90257017;1195330;0;2;0;802
3;0;67;802;0.0;1409842064.90263024;1195330;0;2;0;802
3;0;68;802;0.0;1409842064.90269868;1195330;0;2;0;802
3;0;69;802;0.0;1409842064.90276713;1195330;0;2;0;802
3;0;70;802;0.0;1409842064.90282929;1195330;0;2;0;802
3;0;71;802;0.0;1409842064.90289633;1195330;0;2;0;802
3;0;72;802;0.0;1409842064.90296408;1195330;0;2;0;802
3;0;73;802;0.0;1409842064.90302833;1195330;0;2;0;802
3;0;74;802;0.0;1409842064.90308421;1195330;0;2;0;802
3;0;75;802;0.0;1409842064.90314636;1195330;0;2;0;802
3;0;76;802;0.0;1409842064.90321202;1195330;0;2;0;802
3;0;77;802;0.0;1409842064.90327417;1195330;0;2;0;802
3;0;78;802;0.0;1409842064.90333703;1195330;0;2;0;802
3;0;79;802;0.0;1409842064.90346973;1195330;0;2;0;802
3;0;80;802;0.0;1409842064.90354586;1195330;0;2;0;802
3;0;81;802;0.0;1409842064.121562674;1195330;0;2;0;802
3;0;82;802;0.0;1409842064.121576014;1195330;0;2;0;802
3;0;83;802;0.0;1409842064.121580903;1195330;0;2;0;802
3;0;84;802;0.0;1409842064.121585303;1195330;0;2;0;802
3;0;85;802;0.0;1409842064.121589843;1195330;0;2;0;802
3;0;86;802;0.0;1409842064.121594312;1195330;0;2;0;802
3;0;87;802;0.0;1409842064.121598852;1195330;0;2;0;802
3;0;88;802;0.0;1409842064.121603531;1195330;0;2;0;802
3;0;89;802;0.0;1409842064.121607792;1195330;0;2;0;802
3;0;90;802;0.0;1409842064.121612052;1195330;0;2;0;802
3;0;91;802;0.0;1409842064.121616243;1195330;0;2;0;802
3;0;92;802;0.0;1409842064.121621132;1195330;0;2;0;802
3;0;93;802;0.0;1409842064.121625671;1195330;0;2;0;802
3;0;94;802;0.0;1409842064.121630630;1195330;0;2;0;802
3;0;95;802;0.0;1409842064.121635658;1195330;0;2;0;802
3;0;96;802;0.0;1409842064.121640198;1195330;0;2;0;802
3;0;97;802;0.0;1409842064.121644738;1195330;0;2;0;802
3;0;98;802;0.0;1409842064.121649487;1195330;0;2;0;802
3;0;99;802;0.0;1409842064.121679868;1195330;0;2;0;802
3;0;100;802;0.0;1409842064.121684966;1195330;0;2;0;802
3;0;101;802;0.0;1409842064.121689576;1195330;0;2;0;802
3;0;102;802;0.0;1409842064.121693906;1195330;0;2;0;802
3;0;103;802;0.0;1409842064.121698236;1195330;0;2;0;802
3;0;104;802;0.0;1409842064.121702566;1195330;0;2;0;802
3;0;105;802;0.0;1409842064.121707316;1195330;0;2;0;802
3;0;106;802;0.0;1409842064.121711506;1195330;0;2;0;802
3;0;107;802;0.0;1409842064.121715906;1195330;0;2;0;802
3;0;108;802;0.0;1409842064.121720306;1195330;0;2;0;802
3;0;109;802;0.0;1409842064.121724706;1195330;0;2;0;802
3;0;110;802;0.0;1409842064.121729176;1195330;0;2;0;802
3;0;111;802;0.0;1409842064.121733436;1195330;0;2;0;802
3;0;112;802;0.0;1409842064.121737976;1195330;0;2;0;802
3;0;113;802;0.0;1409842064.121743354;1195330;0;2;0;802
3;0;114;802;0.0;1409842064.121747963;1195330;0;2;0;802
3;0;115;802;0.0;1409842064.121752573;1195330;0;2;0;802
3;0;116;802;0.0;1409842064.121757043;1195330;0;2;0;802
3;0;117;802;0.0;1409842064.121761792;1195330;0;2;0;802
3;0;118;802;0.0;1409842064.121766471;1195330;0;2;0;802
3;0;119;802;0.0;1409842064.153362668;1195330;0;2;0;802
3;0;120;802;0.0;1409842064.153376008;1195330;0;2;0;802
3;0;121;802;0.0;1409842064.153382084;1195330;0;2;0;802
3;0;122;802;0.0;1409842064.153386903;1195330;0;2;0;802
3;0;123;802;0.0;1409842064.153391652;1195330;0;2;0;802
3;0;124;802;0.0;1409842064.153395912;1195330;0;2;0;802
3;0;125;802;0.0;1409842064.153400382;1195330;0;2;0;802
3;0;126;802;0.0;1409842064.153405341;1195330;0;2;0;802
3;0;127;802;0.0;1409842064.153409881;1195330;0;2;0;802
3;0;128;802;0.0;1409842064.153414560;1195330;0;2;0;802
3;0;129;802;0.0;1409842064.153418890;1195330;0;2;0;802
3;0;130;802;0.0;1409842064.153423570;1195330;0;2;0;802
3;0;131;802;0.0;1409842064.153428179;1195330;0;2;0;802
3;0;132;802;0.0;1409842064.153433068;1195330;0;2;0;802
3;0;133;802;0.0;1409842064.153438236;1195330;0;2;0;802
3;0;134;802;0.0;1409842064.153443474;1195330;0;2;0;802
3;0;135;802;0.0;1409842064.153448014;1195330;0;2;0;802
3;0;136;802;0.0;1409842064.153478185;1195330;0;2;0;802
3;0;137;802;0.0;1409842064.153483563;1195330;0;2;0;802
3;0;138;802;0.0;1409842064.153488173;1195330;0;2;0;802
3;0;139;802;0.0;1409842064.153492643;1195330;0;2;0;802
3;0;140;802;0.0;1409842064.153497112;1195330;0;2;0;802
3;0;141;802;0.0;1409842064.153501582;1195330;0;2;0;802
3;0;142;802;0.0;1409842064.153506471;1195330;0;2;0;802
3;0;143;802;0.0;1409842064.153511360;1195330;0;2;0;802
3;0;144;802;0.0;1409842064.153516039;1195330;0;2;0;802
3;0;145;802;0.0;1409842064.153520300;1195330;0;2;0;802
3;0;146;802;0.0;1409842064.153524700;1195330;0;2;0;802
3;0;147;802;0.0;1409842064.153528960;1195330;0;2;0;802
3;0;148;802;0.0;1409842064.153533570;1195330;0;2;0;802
3;0;149;802;0.0;1409842064.153537830;1195330;0;2;0;802
3;0;150;802;0.0;1409842064.153543347;1195330;0;2;0;802
3;0;151;802;0.0;1409842064.153547957;1195330;0;2;0;802
3;0;152;802;0.0;1409842064.153552706;1195330;0;2;0;802
3;0;153;802;0.0;1409842064.153557595;1195330;0;2;0;802
3;0;154;802;0.0;1409842064.153561785;1195330;0;2;0;802
3;0;155;802;0.0;1409842064.153565976;1195330;0;2;0;802
3;0;156;802;0.0;1409842064.153570795;1195330;0;2;0;802
3;0;157;802;0.0;1409842064.185160008;1195330;0;2;0;802
3;0;158;802;0.0;1409842064.185184382;1195330;0;2;0;802
3;0;159;802;0.0;1409842064.185190109;1195330;0;2;0;802
3;0;160;802;0.0;1409842064.185194858;1195330;0;2;0;802
3;0;161;802;0.0;1409842064.185199328;1195330;0;2;0;802
3;0;162;802;0.0;1409842064.185204357;1195330;0;2;0;802
3;0;163;802;0.0;1409842064.185209036;1195330;0;2;0;802
3;0;164;802;0.0;1409842064.185214833;1195330;0;2;0;802
3;0;165;802;0.0;1409842064.185219373;1195330;0;2;0;802
3;0;166;802;0.0;1409842064.185223842;1195330;0;2;0;802
3;0;167;802;0.0;1409842064.185228173;1195330;0;2;0;802
3;0;168;802;0.0;1409842064.185233271;1195330;0;2;0;802
3;0;169;802;0.0;1409842064.185237741;1195330;0;2;0;802
3;0;170;802;0.0;1409842064.185241792;1195330;0;2;0;802
3;0;171;802;0.0;1409842064.185246401;1195330;0;2;0;802
3;0;172;802;0.0;1409842064.185275525;1195330;0;2;0;802
3;0;173;802;0.0;1409842064.185280484;1195330;0;2;0;802
3;0;174;802;0.0;1409842064.185285233;1195330;0;2;0;802
3;0;175;802;0.0;1409842064.185289773;1195330;0;2;0;802
3;0;176;802;0.0;1409842064.185294242;1195330;0;2;0;802
3;0;177;802;0.0;1409842064.185298712;1195330;0;2;0;802
3;0;178;802;0.0;1409842064.185302973;1195330;0;2;0;802
3;0;179;802;0.0;1409842064.185307861;1195330;0;2;0;802
3;0;180;802;0.0;1409842064.185312331;1195330;0;2;0;802
3;0;181;802;0.0;1409842064.185316662;1195330;0;2;0;802
3;0;182;802;0.0;1409842064.185320992;1195330;0;2;0;802
3;0;183;802;0.0;1409842064.185325322;1195330;0;2;0;802
3;0;184;802;0.0;1409842064.185329862;1195330;0;2;0;802
3;0;185;802;0.0;1409842064.185333982;1195330;0;2;0;802
3;0;186;802;0.0;1409842064.185338871;1195330;0;2;0;802
3;0;187;802;0.0;1409842064.185344458;1195330;0;2;0;802
3;0;188;802;0.0;1409842064.185348998;1195330;0;2;0;802
3;0;189;802;0.0;1409842064.185353258;1195330;0;2;0;802
3;0;190;802;0.0;1409842064.185357658;1195330;0;2;0;802
3;0;191;802;0.0;1409842064.185361988;1195330;0;2;0;802
3;0;192;802;0.0;1409842064.185366528;1195330;0;2;0;802
3;0;193;802;0.0;1409842064.185370928;1195330;0;2;0;802
3;0;194;802;0.0;1409842064.185375538;1195330;0;2;0;802
3;0;195;802;0.0;1409842064.217085506;1195330;0;2;0;802
3;0;196;802;0.0;1409842064.217103595;1195330;0;2;0;802
3;0;197;802;0.0;1409842064.217111138;1195330;0;2;0;802
3;0;198;802;0.0;1409842064.217119519;1195330;0;2;0;802
3;0;199;802;0.0;1409842064.217127131;1195330;0;2;0;802
3;0;200;802;0.0;1409842064.217134604;1195330;0;2;0;802
3;0;201;802;0.0;1409842064.217141938;1195330;0;2;0;802
3;0;202;802;0.0;1409842064.217154090;1195330;0;2;0;802
3;0;203;802;0.0;1409842064.217158280;1195330;0;2;0;802
3;0;204;802;0.0;1409842064.217162401;1195330;0;2;0;802
3;0;205;802;0.0;1409842064.217166592;1195330;0;2;0;802
3;0;206;802;0.0;1409842064.217170712;1195330;0;2;0;802
3;0;207;802;0.0;1409842064.217175950;1195330;0;2;0;802
3;0;208;802;0.0;1409842064.217180420;1195330;0;2;0;802
3;0;209;802;0.0;1409842064.217184541;1195330;0;2;0;802
3;0;210;802;0.0;1409842064.217189150;1195330;0;2;0;802
3;0;211;802;0.0;1409842064.217193271;1195330;0;2;0;802
3;0;212;802;0.0;1409842064.217197461;1195330;0;2;0;802
3;0;213;802;0.0;1409842064.217201722;1195330;0;2;0;802
3;0;214;802;0.0;1409842064.217205842;1195330;0;2;0;802
3;0;215;802;0.0;1409842064.217210033;1195330;0;2;0;802
3;0;216;802;0.0;1409842064.217214433;1195330;0;2;0;802
3;0;217;802;0.0;1409842064.217218903;1195330;0;2;0;802
3;0;218;802;0.0;1409842064.217223163;1195330;0;2;0;802
3;0;219;802;0.0;1409842064.217227353;1195330;0;2;0;802
3;0;220;802;0.0;1409842064.217231753;1195330;0;2;0;802
3;0;221;802;0.0;1409842064.217235944;1195330;0;2;0;802
3;0;222;802;0.0;1409842064.217239995;1195330;0;2;0;802
3;0;223;802;0.0;1409842064.217244395;1195330;0;2;0;802
3;0;224;802;0.0;1409842064.217248585;1195330;0;2;0;802
3;0;225;802;0.0;1409842064.217252706;1195330;0;2;0;802
3;0;226;802;0.0;1409842064.217256617;1195330;0;2;0;802
3;0;227;802;0.0;1409842064.217260877;1195330;0;2;0;802
3;0;228;802;0.0;1409842064.217265836;1195330;0;2;0;802
3;0;229;802;0.0;1409842064.217270096;1195330;0;2;0;802
3;0;230;802;0.0;1409842064.217274287;1195330;0;2;0;802
3;0;231;802;0.0;1409842064.217278477;1195330;0;2;0;802
3;0;232;802;0.0;1409842064.217283087;1195330;0;2;0;802
3;0;233;802;0.0;1409842064.248868039;1195330;0;2;0;802
3;0;234;802;0.0;1409842064.248879633;1195330;0;2;0;802
3;0;235;802;0.0;1409842064.248887455;1195330;0;2;0;802
3;0;236;802;0.0;1409842064.248895417;1195330;0;2;0;802
3;0;237;802;0.0;1409842064.248910922;1195330;0;2;0;802
3;0;238;802;0.0;1409842064.248919931;1195330;0;2;0;802
3;0;239;802;0.0;1409842064.248927474;1195330;0;2;0;802
3;0;240;802;0.0;1409842064.248934807;1195330;0;2;0;802
3;0;241;802;0.0;1409842064.248942071;1195330;0;2;0;802
3;0;242;802;0.0;1409842064.248953245;1195330;0;2;0;802
3;0;243;802;0.0;1409842064.248957436;1195330;0;2;0;802
3;0;244;802;0.0;1409842064.248961487;1195330;0;2;0;802
3;0;245;802;0.0;1409842064.248965607;1195330;0;2;0;802
3;0;246;802;0.0;1409842064.248969658;1195330;0;2;0;802
3;0;247;802;0.0;1409842064.248973779;1195330;0;2;0;802
3;0;248;802;0.0;1409842064.248978039;1195330;0;2;0;802
3;0;249;802;0.0;1409842064.248982160;1195330;0;2;0;802
3;0;250;802;0.0;1409842064.248986420;1195330;0;2;0;802
3;0;251;802;0.0;1409842064.248990471;1195330;0;2;0;802
3;0;252;802;0.0;1409842064.248994731;1195330;0;2;0;802
3;0;253;802;0.0;1409842064.248998642;1195330;0;2;0;802
3;0;254;802;0.0;1409842064.249002623;1195330;0;2;0;802
3;0;255;802;0.0;1409842064.249006604;1195330;0;2;0;802
3;0;256;802;0.0;1409842064.249010655;1195330;0;2;0;802
3;0;257;802;0.0;1409842064.249014636;1195330;0;2;0;802
3;0;258;802;0.0;1409842064.249018547;1195330;0;2;0;802
3;0;259;802;0.0;1409842064.249022528;1195330;0;2;0;802
3;0;260;802;0.0;1409842064.249026649;1195330;0;2;0;802
3;0;261;802;0.0;1409842064.249030839;1195330;0;2;0;802
3;0;262;802;0.0;1409842064.249034890;1195330;0;2;0;802
3;0;263;802;0.0;1409842064.249038941;1195330;0;2;0;802
3;0;264;802;0.0;1409842064.249043061;1195330;0;2;0;802
3;0;265;802;0.0;1409842064.249047252;1195330;0;2;0;802
3;0;266;802;0.0;1409842064.249051442;1195330;0;2;0;802
3;0;267;802;0.0;1409842064.249055633;1195330;0;2;0;802
3;0;268;802;0.0;1409842064.249059684;1195330;0;2;0;802
3;0;269;802;0.0;1409842064.249063874;1195330;0;2;0;802
3;0;270;802;0.0;1409842064.249067925;1195330;0;2;0;802
3;0;271;802;0.0;1409842064.280769582;1195330;0;2;0;802
3;0;272;802;0.0;1409842064.280799614;1195330;0;2;0;802
3;0;273;802;0.0;1409842064.280859887;1195330;0;2;0;802
3;0;274;802;0.0;1409842064.280870782;1195330;0;2;0;802
3;0;275;802;0.0;1409842064.280881468;1195330;0;2;0;802
3;0;276;802;0.0;1409842064.280891804;1195330;0;2;0;802
3;0;277;802;0.0;1409842064.280903537;1195330;0;2;0;802
3;0;278;802;0.0;1409842064.280913734;1195330;0;2;0;802
3;0;279;802;0.0;1409842064.280924350;1195330;0;2;0;802
3;0;280;802;0.0;1409842064.280935036;1195330;0;2;0;802
3;0;281;802;0.0;1409842064.280945163;1195330;0;2;0;802
3;0;282;802;0.0;1409842064.280956757;1195330;0;2;0;802
3;0;283;802;0.0;1409842064.280967023;1195330;0;2;0;802
3;0;284;802;0.0;1409842064.280977150;1195330;0;2;0;802
3;0;285;802;0.0;1409842064.280986928;1195330;0;2;0;802
3;0;286;802;0.0;1409842064.280997195;1195330;0;2;0;802
3;0;287;802;0.0;1409842064.281007601;1195330;0;2;0;802
3;0;288;802;0.0;1409842064.281017658;1195330;0;2;0;802
3;0;289;802;0.0;1409842064.281027506;1195330;0;2;0;802
3;0;290;802;0.0;1409842064.281037772;1195330;0;2;0;802
3;0;291;802;0.0;1409842064.281048598;1195330;0;2;0;802
3;0;292;802;0.0;1409842064.281059284;1195330;0;2;0;802
3;0;293;802;0.0;1409842064.281069341;1195330;0;2;0;802
3;0;294;802;0.0;1409842064.281079328;1195330;0;2;0;802
3;0;295;802;0.0;1409842064.281089595;1195330;0;2;0;802
3;0;296;802;0.0;1409842064.281099861;1195330;0;2;0;802
3;0;297;802;0.0;1409842064.281109918;1195330;0;2;0;802
3;0;298;802;0.0;1409842064.281122350;1195330;0;2;0;802
3;0;299;802;0.0;1409842064.281133106;1195330;0;2;0;802
3;0;300;802;0.0;1409842064.281143582;1195330;0;2;0;802
3;0;301;802;0.0;1409842064.281153430;1195330;0;2;0;802
3;0;302;802;0.0;1409842064.281163207;1195330;0;2;0;802
3;0;303;802;0.0;1409842064.281174382;1195330;0;2;0;802
3;0;304;802;0.0;1409842064.281184788;1195330;0;2;0;802
3;0;305;802;0.0;1409842064.281194496;1195330;0;2;0;802
3;0;306;802;0.0;1409842064.281204204;1195330;0;2;0;802
3;0;307;802;0.0;1409842064.281214611;1195330;0;2;0;802
3;0;308;802;0.0;1409842064.281224807;1195330;0;2;0;802
3;0;309;802;0.0;1409842064.312560496;1195330;0;2;0;802
3;0;310;802;0.0;1409842064.312611410;1195330;0;2;0;802
3;0;311;802;0.0;1409842064.312626077;1195330;0;2;0;802
3;0;312;802;0.0;1409842064.312637252;1195330;0;2;0;802
3;0;313;802;0.0;1409842064.312647798;1195330;0;2;0;802
3;0;314;802;0.0;1409842064.312659112;1195330;0;2;0;802
3;0;315;802;0.0;1409842064.312689214;1195330;0;2;0;802
3;0;316;802;0.0;1409842064.312703880;1195330;0;2;0;802
3;0;317;802;0.0;1409842064.312714287;1195330;0;2;0;802
3;0;318;802;0.0;1409842064.312724483;1195330;0;2;0;802
3;0;319;802;0.0;1409842064.312735518;1195330;0;2;0;802
3;0;320;802;0.0;1409842064.312745995;1195330;0;2;0;802
3;0;321;802;0.0;1409842064.312755982;1195330;0;2;0;802
3;0;322;802;0.0;1409842064.312766039;1195330;0;2;0;802
3;0;323;802;0.0;1409842064.312776096;1195330;0;2;0;802
3;0;324;802;0.0;1409842064.312786852;1195330;0;2;0;802
3;0;325;802;0.0;1409842064.312796839;1195330;0;2;0;802
3;0;326;802;0.0;1409842064.312860883;1195330;0;2;0;802
3;0;327;802;0.0;1409842064.312876668;1195330;0;2;0;802
3;0;328;802;0.0;1409842064.312888122;1195330;0;2;0;802
3;0;329;802;0.0;1409842064.312899296;1195330;0;2;0;802
3;0;330;802;0.0;1409842064.312910401;1195330;0;2;0;802
3;0;331;802;0.0;1409842064.312924369;1195330;0;2;0;802
3;0;332;802;0.0;1409842064.312938826;1195330;0;2;0;802
3;0;333;802;0.0;1409842064.312951747;1195330;0;2;0;802
3;0;334;802;0.0;1409842064.312963620;1195330;0;2;0;802
3;0;335;802;0.0;1409842064.312975493;1195330;0;2;0;802
3;0;336;802;0.0;1409842064.312987715;1195330;0;2;0;802
3;0;337;802;0.0;1409842064.313001544;1195330;0;2;0;802
3;0;338;802;0.0;1409842064.313012998;1195330;0;2;0;802
3;0;339;802;0.0;1409842064.313024382;1195330;0;2;0;802
3;0;340;802;0.0;1409842064.313035976;1195330;0;2;0;802
3;0;341;802;0.0;1409842064.313047360;1195330;0;2;0;802
3;0;342;802;0.0;1409842064.313059372;1195330;0;2;0;802
3;0;343;802;0.0;1409842064.313071525;1195330;0;2;0;802
3;0;344;802;0.0;1409842064.313083188;1195330;0;2;0;802
3;0;345;802;0.0;1409842064.313093804;1195330;0;2;0;802
3;0;346;802;0.0;1409842064.313104420;1195330;0;2;0;802
3;0;347;802;0.0;1409842064.344164375;1195330;0;2;0;802
3;0;348;802;0.0;1409842064.344183093;1195330;0;2;0;802
3;0;349;802;0.0;1409842064.344191055;1195330;0;2;0;802
3;0;350;802;0.0;1409842064.344198318;1195330;0;2;0;802
3;0;351;802;0.0;1409842064.344205582;1195330;0;2;0;802
3;0;352;802;0.0;1409842064.344212985;1195330;0;2;0;802
3;0;353;802;0.0;1409842064.344220109;1195330;0;2;0;802
3;0;354;802;0.0;1409842064.344227652;1195330;0;2;0;802
3;0;355;802;0.0;1409842064.344235055;1195330;0;2;0;802
3;0;356;802;0.0;1409842064.344243785;1195330;0;2;0;802
3;0;357;802;0.0;1409842064.344252515;1195330;0;2;0;802
3;0;358;802;0.0;1409842064.344259709;1195330;0;2;0;802
3;0;359;802;0.0;1409842064.344266972;1195330;0;2;0;802
3;0;360;802;0.0;1409842064.344274934;1195330;0;2;0;802
3;0;361;802;0.0;1409842064.344282686;1195330;0;2;0;802
3;0;362;802;0.0;1409842064.344290020;1195330;0;2;0;802
3;0;363;802;0.0;1409842064.344297493;1195330;0;2;0;802
3;0;364;802;0.0;1409842064.344309226;1195330;0;2;0;802
3;0;365;802;0.0;1409842064.344313207;1195330;0;2;0;802
3;0;366;802;0.0;1409842064.344322985;1195330;0;2;0;802
3;0;367;802;0.0;1409842064.344327175;1195330;0;2;0;802
3;0;368;802;0.0;1409842064.344331366;1195330;0;2;0;802
3;0;369;802;0.0;1409842064.344335486;1195330;0;2;0;802
3;0;370;802;0.0;1409842064.344339607;1195330;0;2;0;802
3;0;371;802;0.0;1409842064.344343728;1195330;0;2;0;802
3;0;372;802;0.0;1409842064.344347848;1195330;0;2;0;802
3;0;373;802;0.0;1409842064.344351899;1195330;0;2;0;802
3;0;374;802;0.0;1409842064.344356090;1195330;0;2;0;802
3;0;375;802;0.0;1409842064.344360350;1195330;0;2;0;802
3;0;376;802;0.0;1409842064.344364540;1195330;0;2;0;802
3;0;377;802;0.0;1409842064.344368591;1195330;0;2;0;802
3;0;378;802;0.0;1409842064.344372712;1195330;0;2;0;802
3;0;379;802;0.0;1409842064.344377112;1195330;0;2;0;802
3;0;380;802;0.0;1409842064.344381232;1195330;0;2;0;802
3;0;381;802;0.0;1409842064.344385283;1195330;0;2;0;802
3;0;382;802;0.0;1409842064.344389194;1195330;0;2;0;802
3;0;383;802;0.0;1409842064.344393385;1195330;0;2;0;802
3;0;384;802;0.0;1409842064.344397645;1195330;0;2;0;802
3;0;385;802;0.0;1409842064.375960947;1195330;0;2;0;802
3;0;386;802;0.0;1409842064.375978686;1195330;0;2;0;802
3;0;387;802;0.0;1409842064.375986858;1195330;0;2;0;802
3;0;388;802;0.0;1409842064.375994121;1195330;0;2;0;802
3;0;389;802;0.0;1409842064.376001245;1195330;0;2;0;802
3;0;390;802;0.0;1409842064.376008718;1195330;0;2;0;802
3;0;391;802;0.0;1409842064.376016051;1195330;0;2;0;802
3;0;392;802;0.0;1409842064.376023315;1195330;0;2;0;802
3;0;393;802;0.0;1409842064.376031626;1195330;0;2;0;802
3;0;394;802;0.0;1409842064.376078909;1195330;0;2;0;802
3;0;395;802;0.0;1409842064.376089245;1195330;0;2;0;802
3;0;396;802;0.0;1409842064.376096578;1195330;0;2;0;802
3;0;397;802;0.0;1409842064.376107753;1195330;0;2;0;802
3;0;398;802;0.0;1409842064.376117251;1195330;0;2;0;802
3;0;399;802;0.0;1409842064.376121442;1195330;0;2;0;802
3;0;400;802;0.0;1409842064.376126051;1195330;0;2;0;802
3;0;401;802;0.0;1409842064.376130661;1195330;0;2;0;802
3;0;402;802;0.0;1409842064.376134851;1195330;0;2;0;802
3;0;403;802;0.0;1409842064.376139182;1195330;0;2;0;802
3;0;404;802;0.0;1409842064.376143442;1195330;0;2;0;802
3;0;405;802;0.0;1409842064.376147702;1195330;0;2;0;802
3;0;406;802;0.0;1409842064.376151963;1195330;0;2;0;802
3;0;407;802;0.0;1409842064.376156363;1195330;0;2;0;802
3;0;408;802;0.0;1409842064.376160413;1195330;0;2;0;802
3;0;409;802;0.0;1409842064.376165232;1195330;0;2;0;802
3;0;410;802;0.0;1409842064.376169702;1195330;0;2;0;802
3;0;411;802;0.0;1409842064.376173753;1195330;0;2;0;802
3;0;412;802;0.0;1409842064.376177874;1195330;0;2;0;802
3;0;413;802;0.0;1409842064.376181994;1195330;0;2;0;802
3;0;414;802;0.0;1409842064.376186045;1195330;0;2;0;802
3;0;415;802;0.0;1409842064.376190305;1195330;0;2;0;802
3;0;416;802;0.0;1409842064.376194566;1195330;0;2;0;802
3;0;417;802;0.0;1409842064.376198547;1195330;0;2;0;802
3;0;418;802;0.0;1409842064.376202667;1195330;0;2;0;802
3;0;419;802;0.0;1409842064.376206788;1195330;0;2;0;802
3;0;420;802;0.0;1409842064.376210909;1195330;0;2;0;802
3;0;421;802;0.0;1409842064.376214959;1195330;0;2;0;802
3;0;422;802;0.0;1409842064.376219150;1195330;0;2;0;802
3;0;423;802;0.0;1409842064.407829175;1195330;0;2;0;802
3;0;424;802;0.0;1409842064.407845029;1195330;0;2;0;802
3;0;425;802;0.0;1409842064.407853829;1195330;0;2;0;802
3;0;426;802;0.0;1409842064.407861372;1195330;0;2;0;802
3;0;427;802;0.0;1409842064.407871010;1195330;0;2;0;802
3;0;428;802;0.0;1409842064.407878413;1195330;0;2;0;802
3;0;429;802;0.0;1409842064.407885607;1195330;0;2;0;802
3;0;430;802;0.0;1409842064.407893150;1195330;0;2;0;802
3;0;431;802;0.0;1409842064.407901182;1195330;0;2;0;802
3;0;432;802;0.0;1409842064.407908585;1195330;0;2;0;802
3;0;433;802;0.0;1409842064.407916756;1195330;0;2;0;802
3;0;434;802;0.0;1409842064.407923950;1195330;0;2;0;802
3;0;435;802;0.0;1409842064.407931074;1195330;0;2;0;802
3;0;436;802;0.0;1409842064.407938197;1195330;0;2;0;802
3;0;437;802;0.0;1409842064.407945391;1195330;0;2;0;802
3;0;438;802;0.0;1409842064.407952375;1195330;0;2;0;802
3;0;439;802;0.0;1409842064.407965296;1195330;0;2;0;802
3;0;440;802;0.0;1409842064.407969416;1195330;0;2;0;802
3;0;441;802;0.0;1409842064.407973537;1195330;0;2;0;802
3;0;442;802;0.0;1409842064.407977658;1195330;0;2;0;802
3;0;443;802;0.0;1409842064.407981778;1195330;0;2;0;802
3;0;444;802;0.0;1409842064.407985969;1195330;0;2;0;802
3;0;445;802;0.0;1409842064.407989950;1195330;0;2;0;802
3;0;446;802;0.0;1409842064.407993861;1195330;0;2;0;802
3;0;447;802;0.0;1409842064.407997982;1195330;0;2;0;802
3;0;448;802;0.0;1409842064.408002312;1195330;0;2;0;802
3;0;449;802;0.0;1409842064.408006293;1195330;0;2;0;802
3;0;450;802;0.0;1409842064.408011042;1195330;0;2;0;802
3;0;451;802;0.0;1409842064.408015232;1195330;0;2;0;802
3;0;452;802;0.0;1409842064.408019423;1195330;0;2;0;802
3;0;453;802;0.0;1409842064.408023404;1195330;0;2;0;802
3;0;454;802;0.0;1409842064.408027804;1195330;0;2;0;802
3;0;455;802;0.0;1409842064.408031994;1195330;0;2;0;802
3;0;456;802;0.0;1409842064.408036045;1195330;0;2;0;802
3;0;457;802;0.0;1409842064.408040236;1195330;0;2;0;802
3;0;458;802;0.0;1409842064.408044496;1195330;0;2;0;802
3;0;459;802;0.0;1409842064.408048826;1195330;0;2;0;802
3;0;460;802;0.0;1409842064.408053156;1195330;0;2;0;802
3;0;461;802;0.0;1409842064.439545778;1195330;0;2;0;802
3;0;462;802;0.0;1409842064.439555975;1195330;0;2;0;802
3;0;463;802;0.0;1409842064.439563658;1195330;0;2;0;802
3;0;464;802;0.0;1409842064.439570991;1195330;0;2;0;802
3;0;465;802;0.0;1409842064.439578045;1195330;0;2;0;802
3;0;466;802;0.0;1409842064.439585658;1195330;0;2;0;802
3;0;467;802;0.0;1409842064.439593131;1195330;0;2;0;802
3;0;468;802;0.0;1409842064.439600534;1195330;0;2;0;802
3;0;469;802;0.0;1409842064.439607518;1195330;0;2;0;802
3;0;470;802;0.0;1409842064.439614642;1195330;0;2;0;802
3;0;471;802;0.0;1409842064.439621905;1195330;0;2;0;802
3;0;472;802;0.0;1409842064.439633499;1195330;0;2;0;802
3;0;473;802;0.0;1409842064.439640902;1195330;0;2;0;802
3;0;474;802;0.0;1409842064.439645512;1195330;0;2;0;802
3;0;475;802;0.0;1409842064.439650261;1195330;0;2;0;802
3;0;476;802;0.0;1409842064.439655010;1195330;0;2;0;802
3;0;477;802;0.0;1409842064.439659131;1195330;0;2;0;802
3;0;478;802;0.0;1409842064.439666115;1195330;0;2;0;802
3;0;479;802;0.0;1409842064.439671353;1195330;0;2;0;802
3;0;480;802;0.0;1409842064.439675753;1195330;0;2;0;802
3;0;481;802;0.0;1409842064.439680293;1195330;0;2;0;802
3;0;482;802;0.0;1409842064.439684693;1195330;0;2;0;802
3;0;483;802;0.0;1409842064.439688953;1195330;0;2;0;802
3;0;484;802;0.0;1409842064.439693842;1195330;0;2;0;802
3;0;485;802;0.0;1409842064.439698102;1195330;0;2;0;802
3;0;486;802;0.0;1409842064.439702223;1195330;0;2;0;802
3;0;487;802;0.0;1409842064.439706693;1195330;0;2;0;802
3;0;488;802;0.0;1409842064.439711093;1195330;0;2;0;802
3;0;489;802;0.0;1409842064.439715283;1195330;0;2;0;802
3;0;490;802;0.0;1409842064.439719404;1195330;0;2;0;802
3;0;491;802;0.0;1409842064.439725480;1195330;0;2;0;802
3;0;492;802;0.0;1409842064.439729810;1195330;0;2;0;802
3;0;493;802;0.0;1409842064.439733791;1195330;0;2;0;802
3;0;494;802;0.0;1409842064.439738051;1195330;0;2;0;802
3;0;495;802;0.0;1409842064.439742102;1195330;0;2;0;802
3;0;496;802;0.0;1409842064.439746293;1195330;0;2;0;802
3;0;497;802;0.0;1409842064.439750483;1195330;0;2;0;802
3;0;498;802;0.0;1409842064.439754604;1195330;0;2;0;802
3;0;499;802;0.0;1409842064.471455981;1195330;0;2;0;802
3;0;500;802;0.0;1409842064.471467715;1195330;0;2;0;802
3;0;501;802;0.0;1409842064.471475188;1195330;0;2;0;802
3;0;502;802;0.0;1409842064.471482451;1195330;0;2;0;802
3;0;503;802;0.0;1409842064.471489645;1195330;0;2;0;802
3;0;504;802;0.0;1409842064.471496978;1195330;0;2;0;802
3;0;505;802;0.0;1409842064.471505429;1195330;0;2;0;802
3;0;506;802;0.0;1409842064.471512623;1195330;0;2;0;802
3;0;507;802;0.0;1409842064.471520026;1195330;0;2;0;802
3;0;508;802;0.0;1409842064.471527219;1195330;0;2;0;802
3;0;509;802;0.0;1409842064.471534343;1195330;0;2;0;802
3;0;510;802;0.0;1409842064.471544121;1195330;0;2;0;802
3;0;511;802;0.0;1409842064.471548451;1195330;0;2;0;802
3;0;512;802;0.0;1409842064.471552502;1195330;0;2;0;802
3;0;513;802;0.0;1409842064.471556623;1195330;0;2;0;802
3;0;514;802;0.0;1409842064.471560604;1195330;0;2;0;802
3;0;515;802;0.0;1409842064.471564585;1195330;0;2;0;802
3;0;516;802;0.0;1409842064.471568635;1195330;0;2;0;802
3;0;517;802;0.0;1409842064.471572616;1195330;0;2;0;802
3;0;518;802;0.0;1409842064.471576597;1195330;0;2;0;802
3;0;519;802;0.0;1409842064.471580648;1195330;0;2;0;802
3;0;520;802;0.0;1409842064.471584699;1195330;0;2;0;802
3;0;521;802;0.0;1409842064.471588610;1195330;0;2;0;802
3;0;522;802;0.0;1409842064.471592591;1195330;0;2;0;802
3;0;523;802;0.0;1409842064.471596642;1195330;0;2;0;802
3;0;524;802;0.0;1409842064.471600692;1195330;0;2;0;802
3;0;525;802;0.0;1409842064.471604604;1195330;0;2;0;802
3;0;526;802;0.0;1409842064.471608654;1195330;0;2;0;802
3;0;527;802;0.0;1409842064.471612635;1195330;0;2;0;802
3;0;528;802;0.0;1409842064.471616756;1195330;0;2;0;802
3;0;529;802;0.0;1409842064.471620737;1195330;0;2;0;802
3;0;530;802;0.0;1409842064.471624578;1195330;0;2;0;802
3;0;531;802;0.0;1409842064.471628629;1195330;0;2;0;802
3;0;532;802;0.0;1409842064.471632680;1195330;0;2;0;802
3;0;533;802;0.0;1409842064.471636661;1195330;0;2;0;802
3;0;534;802;0.0;1409842064.471640572;1195330;0;2;0;802
3;0;535;802;0.0;1409842064.471644553;1195330;0;2;0;802
3;0;536;802;0.0;1409842064.471648534;1195330;0;2;0;802
3;0;537;802;0.0;1409842064.503295924;1195330;0;2;0;802
3;0;538;802;0.0;1409842064.503326026;1195330;0;2;0;802
3;0;539;802;0.0;1409842064.503338527;1195330;0;2;0;802
3;0;540;802;0.0;1409842064.503350261;1195330;0;2;0;802
3;0;541;802;0.0;1409842064.503361994;1195330;0;2;0;802
3;0;542;802;0.0;1409842064.503374146;1195330;0;2;0;802
3;0;543;802;0.0;1409842064.503386299;1195330;0;2;0;802
3;0;544;802;0.0;1409842064.503398032;1195330;0;2;0;802
3;0;545;802;0.0;1409842064.503409486;1195330;0;2;0;802
3;0;546;802;0.0;1409842064.503420172;1195330;0;2;0;802
3;0;547;802;0.0;1409842064.503432045;1195330;0;2;0;802
3;0;548;802;0.0;1409842064.503442730;1195330;0;2;0;802
3;0;549;802;0.0;1409842064.503454184;1195330;0;2;0;802
3;0;550;802;0.0;1409842064.503465150;1195330;0;2;0;802
3;0;551;802;0.0;1409842064.503476464;1195330;0;2;0;802
3;0;552;802;0.0;1409842064.503506705;1195330;0;2;0;802
3;0;553;802;0.0;1409842064.503523188;1195330;0;2;0;802
3;0;554;802;0.0;1409842064.503533943;1195330;0;2;0;802
3;0;555;802;0.0;1409842064.503544140;1195330;0;2;0;802
3;0;556;802;0.0;1409842064.503554616;1195330;0;2;0;802
3;0;557;802;0.0;1409842064.503564673;1195330;0;2;0;802
3;0;558;802;0.0;1409842064.503576267;1195330;0;2;0;802
3;0;559;802;0.0;1409842064.503587442;1195330;0;2;0;802
3;0;560;802;0.0;1409842064.503598057;1195330;0;2;0;802
3;0;561;802;0.0;1409842064.503607905;1195330;0;2;0;802
3;0;562;802;0.0;1409842064.503618242;1195330;0;2;0;802
3;0;563;802;0.0;1409842064.503628299;1195330;0;2;0;802
3;0;564;802;0.0;1409842064.503639054;1195330;0;2;0;802
3;0;565;802;0.0;1409842064.503649042;1195330;0;2;0;802
3;0;566;802;0.0;1409842064.503658889;1195330;0;2;0;802
3;0;567;802;0.0;1409842064.503670553;1195330;0;2;0;802
3;0;568;802;0.0;1409842064.503681029;1195330;0;2;0;802
3;0;569;802;0.0;1409842064.503690946;1195330;0;2;0;802
3;0;570;802;0.0;1409842064.503701842;1195330;0;2;0;802
3;0;571;802;0.0;1409842064.503713365;1195330;0;2;0;802
3;0;572;802;0.0;1409842064.503723911;1195330;0;2;0;802
3;0;573;802;0.0;1409842064.503734038;1195330;0;2;0;802
3;0;574;802;0.0;1409842064.503745772;1195330;0;2;0;802
3;0;575;802;0.0;1409842064.535136845;1195330;0;2;0;802
3;0;576;802;0.0;1409842064.535161568;1195330;0;2;0;802
3;0;577;802;0.0;1409842064.535173511;1195330;0;2;0;802
3;0;578;802;0.0;1409842064.535184756;1195330;0;2;0;802
3;0;579;802;0.0;1409842064.535195721;1195330;0;2;0;802
3;0;580;802;0.0;1409842064.535206476;1195330;0;2;0;802
3;0;581;802;0.0;1409842064.535216603;1195330;0;2;0;802
3;0;582;802;0.0;1409842064.535227499;1195330;0;2;0;802
3;0;583;802;0.0;1409842064.535237695;1195330;0;2;0;802
3;0;584;802;0.0;1409842064.535247962;1195330;0;2;0;802
3;0;585;802;0.0;1409842064.535257880;1195330;0;2;0;802
3;0;586;802;0.0;1409842064.535268775;1195330;0;2;0;802
3;0;587;802;0.0;1409842064.535278902;1195330;0;2;0;802
3;0;588;802;0.0;1409842064.535289168;1195330;0;2;0;802
3;0;589;802;0.0;1409842064.535298946;1195330;0;2;0;802
3;0;590;802;0.0;1409842064.535310261;1195330;0;2;0;802
3;0;591;802;0.0;1409842064.535321505;1195330;0;2;0;802
3;0;592;802;0.0;1409842064.535331772;1195330;0;2;0;802
3;0;593;802;0.0;1409842064.535341619;1195330;0;2;0;802
3;0;594;802;0.0;1409842064.535351956;1195330;0;2;0;802
3;0;595;802;0.0;1409842064.535362781;1195330;0;2;0;802
3;0;596;802;0.0;1409842064.535373746;1195330;0;2;0;802
3;0;597;802;0.0;1409842064.535384921;1195330;0;2;0;802
3;0;598;802;0.0;1409842064.535395956;1195330;0;2;0;802
3;0;599;802;0.0;1409842064.535406851;1195330;0;2;0;802
3;0;600;802;0.0;1409842064.535418095;1195330;0;2;0;802
3;0;601;802;0.0;1409842064.535428222;1195330;0;2;0;802
3;0;602;802;0.0;1409842064.535438000;1195330;0;2;0;802
3;0;603;802;0.0;1409842064.535448057;1195330;0;2;0;802
3;0;604;802;0.0;1409842064.535459302;1195330;0;2;0;802
3;0;605;802;0.0;1409842064.535472013;1195330;0;2;0;802
3;0;606;802;0.0;1409842064.535482419;1195330;0;2;0;802
3;0;607;802;0.0;1409842064.535493524;1195330;0;2;0;802
3;0;608;802;0.0;1409842064.535503861;1195330;0;2;0;802
3;0;609;802;0.0;1409842064.535514197;1195330;0;2;0;802
3;0;610;802;0.0;1409842064.535524184;1195330;0;2;0;802
3;0;611;802;0.0;1409842064.535534242;1195330;0;2;0;802
3;0;612;802;0.0;1409842064.535545346;1195330;0;2;0;802
3;0;613;802;0.0;1409842064.566822089;1195330;0;2;0;802
3;0;614;802;0.0;1409842064.566835638;1195330;0;2;0;802
3;0;615;802;0.0;1409842064.566841645;1195330;0;2;0;802
3;0;616;802;0.0;1409842064.566847232;1195330;0;2;0;802
3;0;617;802;0.0;1409842064.566853448;1195330;0;2;0;802
3;0;618;802;0.0;1409842064.566859105;1195330;0;2;0;802
3;0;619;802;0.0;1409842064.566864762;1195330;0;2;0;802
3;0;620;802;0.0;1409842064.566870629;1195330;0;2;0;802
3;0;621;802;0.0;1409842064.566876286;1195330;0;2;0;802
3;0;622;802;0.0;1409842064.566881943;1195330;0;2;0;802
3;0;623;802;0.0;1409842064.566887600;1195330;0;2;0;802
3;0;624;802;0.0;1409842064.566894165;1195330;0;2;0;802
3;0;625;802;0.0;1409842064.566899892;1195330;0;2;0;802
3;0;626;802;0.0;1409842064.566905479;1195330;0;2;0;802
3;0;627;802;0.0;1409842064.566911905;1195330;0;2;0;802
3;0;628;802;0.0;1409842064.566917841;1195330;0;2;0;802
3;0;629;802;0.0;1409842064.566923289;1195330;0;2;0;802
3;0;630;802;0.0;1409842064.566931670;1195330;0;2;0;802
3;0;631;802;0.0;1409842064.566947524;1195330;0;2;0;802
3;0;632;802;0.0;1409842064.566954368;1195330;0;2;0;802
3;0;633;802;0.0;1409842064.566961422;1195330;0;2;0;802
3;0;634;802;0.0;1409842064.566967149;1195330;0;2;0;802
3;0;635;802;0.0;1409842064.566973086;1195330;0;2;0;802
3;0;636;802;0.0;1409842064.566979092;1195330;0;2;0;802
3;0;637;802;0.0;1409842064.566984679;1195330;0;2;0;802
3;0;638;802;0.0;1409842064.566990337;1195330;0;2;0;802
3;0;639;802;0.0;1409842064.566997321;1195330;0;2;0;802
3;0;640;802;0.0;1409842064.567003397;1195330;0;2;0;802
3;0;641;802;0.0;1409842064.567009124;1195330;0;2;0;802
3;0;642;802;0.0;1409842064.567015200;1195330;0;2;0;802
3;0;643;802;0.0;1409842064.567021137;1195330;0;2;0;802
3;0;644;802;0.0;1409842064.567027003;1195330;0;2;0;802
3;0;645;802;0.0;1409842064.567032730;1195330;0;2;0;802
3;0;646;802;0.0;1409842064.567038597;1195330;0;2;0;802
3;0;647;802;0.0;1409842064.567044533;1195330;0;2;0;802
3;0;648;802;0.0;1409842064.567050819;1195330;0;2;0;802
3;0;649;802;0.0;1409842064.567056616;1195330;0;2;0;802
3;0;650;802;0.0;1409842064.567062273;1195330;0;2;0;802
3;0;651;802;0.0;1409842064.598604902;1195330;0;2;0;802
3;0;652;802;0.0;1409842064.598612165;1195330;0;2;0;802
3;0;653;802;0.0;1409842064.598616425;1195330;0;2;0;802
3;0;654;802;0.0;1409842064.598620546;1195330;0;2;0;802
3;0;655;802;0.0;1409842064.598624946;1195330;0;2;0;802
3;0;656;802;0.0;1409842064.598629206;1195330;0;2;0;802
3;0;657;802;0.0;1409842064.598633327;1195330;0;2;0;802
3;0;658;802;0.0;1409842064.598637727;1195330;0;2;0;802
3;0;659;802;0.0;1409842064.598641987;1195330;0;2;0;802
3;0;660;802;0.0;1409842064.598646108;1195330;0;2;0;802
3;0;661;802;0.0;1409842064.598650229;1195330;0;2;0;802
3;0;662;802;0.0;1409842064.598654419;1195330;0;2;0;802
3;0;663;802;0.0;1409842064.598658610;1195330;0;2;0;802
3;0;664;802;0.0;1409842064.598662800;1195330;0;2;0;802
3;0;665;802;0.0;1409842064.598666921;1195330;0;2;0;802
3;0;666;802;0.0;1409842064.598671111;1195330;0;2;0;802
3;0;667;802;0.0;1409842064.598675232;1195330;0;2;0;802
3;0;668;802;0.0;1409842064.598679283;1195330;0;2;0;802
3;0;669;802;0.0;1409842064.598683333;1195330;0;2;0;802
3;0;670;802;0.0;1409842064.598687454;1195330;0;2;0;802
3;0;671;802;0.0;1409842064.598691784;1195330;0;2;0;802
3;0;672;802;0.0;1409842064.598695905;1195330;0;2;0;802
3;0;673;802;0.0;1409842064.598700165;1195330;0;2;0;802
3;0;674;802;0.0;1409842064.598704495;1195330;0;2;0;802
3;0;675;802;0.0;1409842064.598709105;1195330;0;2;0;802
3;0;676;802;0.0;1409842064.598713295;1195330;0;2;0;802
3;0;677;802;0.0;1409842064.598717416;1195330;0;2;0;802
3;0;678;802;0.0;1409842064.598721257;1195330;0;2;0;802
3;0;679;802;0.0;1409842064.598726006;1195330;0;2;0;802
3;0;680;802;0.0;1409842064.598730895;1195330;0;2;0;802
3;0;681;802;0.0;1409842064.598735016;1195330;0;2;0;802
3;0;682;802;0.0;1409842064.598742000;1195330;0;2;0;802
3;0;683;802;0.0;1409842064.598747378;1195330;0;2;0;802
3;0;684;802;0.0;1409842064.598767632;1195330;0;2;0;802
3;0;685;802;0.0;1409842064.598771892;1195330;0;2;0;802
3;0;686;802;0.0;1409842064.598775943;1195330;0;2;0;802
3;0;687;802;0.0;1409842064.598780064;1195330;0;2;0;802
3;0;688;802;0.0;1409842064.598784184;1195330;0;2;0;802
3;0;689;802;0.0;1409842064.630501346;1195330;0;2;0;802
3;0;690;802;0.0;1409842064.630519435;1195330;0;2;0;802
3;0;691;802;0.0;1409842064.630532984;1195330;0;2;0;802
3;0;692;802;0.0;1409842064.630538641;1195330;0;2;0;802
3;0;693;802;0.0;1409842064.630543390;1195330;0;2;0;802
3;0;694;802;0.0;1409842064.630548629;1195330;0;2;0;802
3;0;695;802;0.0;1409842064.630554705;1195330;0;2;0;802
3;0;696;802;0.0;1409842064.630561200;1195330;0;2;0;802
3;0;697;802;0.0;1409842064.630566368;1195330;0;2;0;802
3;0;698;802;0.0;1409842064.630571048;1195330;0;2;0;802
3;0;699;802;0.0;1409842064.630576286;1195330;0;2;0;802
3;0;700;802;0.0;1409842064.630581175;1195330;0;2;0;802
3;0;701;802;0.0;1409842064.630586133;1195330;0;2;0;802
3;0;702;802;0.0;1409842064.630591302;1195330;0;2;0;802
3;0;703;802;0.0;1409842064.630596190;1195330;0;2;0;802
3;0;704;802;0.0;1409842064.630601149;1195330;0;2;0;802
3;0;705;802;0.0;1409842064.630605759;1195330;0;2;0;802
3;0;706;802;0.0;1409842064.630610438;1195330;0;2;0;802
3;0;707;802;0.0;1409842064.630615187;1195330;0;2;0;802
3;0;708;802;0.0;1409842064.630619936;1195330;0;2;0;802
3;0;709;802;0.0;1409842064.630629575;1195330;0;2;0;802
3;0;710;802;0.0;1409842064.630635302;1195330;0;2;0;802
3;0;711;802;0.0;1409842064.630640330;1195330;0;2;0;802
3;0;712;802;0.0;1409842064.630645359;1195330;0;2;0;802
3;0;713;802;0.0;1409842064.630650317;1195330;0;2;0;802
3;0;714;802;0.0;1409842064.630655276;1195330;0;2;0;802
3;0;715;802;0.0;1409842064.630660165;1195330;0;2;0;802
3;0;716;802;0.0;1409842064.630665473;1195330;0;2;0;802
3;0;717;802;0.0;1409842064.630670362;1195330;0;2;0;802
3;0;718;802;0.0;1409842064.630675321;1195330;0;2;0;802
3;0;719;802;0.0;1409842064.630680838;1195330;0;2;0;802
3;0;720;802;0.0;1409842064.630685867;1195330;0;2;0;802
3;0;721;802;0.0;1409842064.630692362;1195330;0;2;0;802
3;0;722;802;0.0;1409842064.630697321;1195330;0;2;0;802
3;0;723;802;0.0;1409842064.630702070;1195330;0;2;0;802
3;0;724;802;0.0;1409842064.630707029;1195330;0;2;0;802
3;0;725;802;0.0;1409842064.630712057;1195330;0;2;0;802
3;0;726;802;0.0;1409842064.630717225;1195330;0;2;0;802
3;0;727;802;0.0;1409842064.662340241;1195330;0;2;0;802
3;0;728;802;0.0;1409842064.662351905;1195330;0;2;0;802
3;0;729;802;0.0;1409842064.662359797;1195330;0;2;0;802
3;0;730;802;0.0;1409842064.662367340;1195330;0;2;0;802
3;0;731;802;0.0;1409842064.662374882;1195330;0;2;0;802
3;0;732;802;0.0;1409842064.662386825;1195330;0;2;0;802
3;0;733;802;0.0;1409842064.662392133;1195330;0;2;0;802
3;0;734;802;0.0;1409842064.662396813;1195330;0;2;0;802
3;0;735;802;0.0;1409842064.662401701;1195330;0;2;0;802
3;0;736;802;0.0;1409842064.662406730;1195330;0;2;0;802
3;0;737;802;0.0;1409842064.662411549;1195330;0;2;0;802
3;0;738;802;0.0;1409842064.662416298;1195330;0;2;0;802
3;0;739;802;0.0;1409842064.662421187;1195330;0;2;0;802
3;0;740;802;0.0;1409842064.662426216;1195330;0;2;0;802
3;0;741;802;0.0;1409842064.662431105;1195330;0;2;0;802
3;0;742;802;0.0;1409842064.662435924;1195330;0;2;0;802
3;0;743;802;0.0;1409842064.662440882;1195330;0;2;0;802
3;0;744;802;0.0;1409842064.662445841;1195330;0;2;0;802
3;0;745;802;0.0;1409842064.662450870;1195330;0;2;0;802
3;0;746;802;0.0;1409842064.662455828;1195330;0;2;0;802
3;0;747;802;0.0;1409842064.662460717;1195330;0;2;0;802
3;0;748;802;0.0;1409842064.662465746;1195330;0;2;0;802
3;0;749;802;0.0;1409842064.662470565;1195330;0;2;0;802
3;0;750;802;0.0;1409842064.662475454;1195330;0;2;0;802
3;0;751;802;0.0;1409842064.662480413;1195330;0;2;0;802
3;0;752;802;0.0;1409842064.662485371;1195330;0;2;0;802
3;0;753;802;0.0;1409842064.662490121;1195330;0;2;0;802
3;0;754;802;0.0;1409842064.662495079;1195330;0;2;0;802
3;0;755;802;0.0;1409842064.662499828;1195330;0;2;0;802
3;0;756;802;0.0;1409842064.662504578;1195330;0;2;0;802
3;0;757;802;0.0;1409842064.662509606;1195330;0;2;0;802
3;0;758;802;0.0;1409842064.662514216;1195330;0;2;0;802
3;0;759;802;0.0;1409842064.662519454;1195330;0;2;0;802
3;0;760;802;0.0;1409842064.662524413;1195330;0;2;0;802
3;0;761;802;0.0;1409842064.662529232;1195330;0;2;0;802
3;0;762;802;0.0;1409842064.662534330;1195330;0;2;0;802
3;0;763;802;0.0;1409842064.662539568;1195330;0;2;0;802
3;0;764;802;0.0;1409842064.662544806;1195330;0;2;0;802
3;0;765;802;0.0;1409842064.694132692;1195330;0;2;0;802
3;0;766;802;0.0;1409842064.694143866;1195330;0;2;0;802
3;0;767;802;0.0;1409842064.694152876;1195330;0;2;0;802
3;0;768;802;0.0;1409842064.694182558;1195330;0;2;0;802
3;0;769;802;0.0;1409842064.694187378;1195330;0;2;0;802
3;0;770;802;0.0;1409842064.694192197;1195330;0;2;0;802
3;0;771;802;0.0;1409842064.694197016;1195330;0;2;0;802
3;0;772;802;0.0;1409842064.694201765;1195330;0;2;0;802
3;0;773;802;0.0;1409842064.694206514;1195330;0;2;0;802
3;0;774;802;0.0;1409842064.694211193;1195330;0;2;0;802
3;0;775;802;0.0;1409842064.694216012;1195330;0;2;0;802
3;0;776;802;0.0;1409842064.694220762;1195330;0;2;0;802
3;0;777;802;0.0;1409842064.694225511;1195330;0;2;0;802
3;0;778;802;0.0;1409842064.694230260;1195330;0;2;0;802
3;0;779;802;0.0;1409842064.694235079;1195330;0;2;0;802
3;0;780;802;0.0;1409842064.694239898;1195330;0;2;0;802
3;0;781;802;0.0;1409842064.694244578;1195330;0;2;0;802
3;0;782;802;0.0;1409842064.694249327;1195330;0;2;0;802
3;0;783;802;0.0;1409842064.694254146;1195330;0;2;0;802
3;0;784;802;0.0;1409842064.694258965;1195330;0;2;0;802
3;0;785;802;0.0;1409842064.694263714;1195330;0;2;0;802
3;0;786;802;0.0;1409842064.694268254;1195330;0;2;0;802
3;0;787;802;0.0;1409842064.694272863;1195330;0;2;0;802
3;0;788;802;0.0;1409842064.694282152;1195330;0;2;0;802
3;0;789;802;0.0;1409842064.694287670;1195330;0;2;0;802
3;0;790;802;0.0;1409842064.694292279;1195330;0;2;0;802
3;0;791;802;0.0;1409842064.694297028;1195330;0;2;0;802
3;0;792;802;0.0;1409842064.694301987;1195330;0;2;0;802
3;0;793;802;0.0;1409842064.694306666;1195330;0;2;0;802
3;0;794;802;0.0;1409842064.694311206;1195330;0;2;0;802
3;0;795;802;0.0;1409842064.694315816;1195330;0;2;0;802
3;0;796;802;0.0;1409842064.694320635;1195330;0;2;0;802
3;0;797;802;0.0;1409842064.694325174;1195330;0;2;0;802
3;0;798;802;0.0;1409842064.694329784;1195330;0;2;0;802
3;0;799;802;0.0;1409842064.694334603;1195330;0;2;0;802
3;0;800;802;0.0;1409842064.694339492;1195330;0;2;0;802
3;0;801;802;0.0;1409842064.694344101;1195330;0;2;0;802
