train_id;train_send_countid;paket_id;count_pakets_in_train;recv_time;send_time;recv_data_rate;recv_timeout_wait;last_recv_train_id;last_recv_train_send_countid;last_recv_paket_id


0;0;0;4;1409841961.752143069;1409841961.751149437;8000;-1;0;0;0
0;0;1;4;1409841961.752957279;1409841961.751199513;8000;-1;0;0;0
0;0;2;4;1409841961.753792091;1409841961.751213412;8000;-1;0;0;0
0;0;3;4;1409841961.754626555;1409841961.751223050;8000;-1;0;0;0
2;0;0;805;1409841961.760783623;1409841961.758240911;1596407;-1;1;0;3
2;0;1;805;1409841961.760840474;1409841961.758289381;1596407;-1;1;0;3
2;0;2;805;1409841961.760893483;1409841961.758300067;1596407;-1;1;0;3
2;0;3;805;1409841961.761714049;1409841961.758309635;1596407;-1;1;0;3
2;0;4;805;1409841961.762557941;1409841961.758319203;1596407;-1;1;0;3
2;0;5;805;1409841961.763392963;1409841961.758335057;1596407;-1;1;0;3
2;0;6;805;1409841961.765603021;1409841961.758346581;1596407;-1;1;0;3
2;0;7;805;1409841961.765609167;1409841961.758377730;1596407;-1;1;0;3
2;0;8;805;1409841961.765903478;1409841961.758386530;1596407;-1;1;0;3
2;0;9;805;1409841961.766742202;1409841961.758396308;1596407;-1;1;0;3
2;0;10;805;1409841961.767586862;1409841961.758405108;1596407;-1;1;0;3
2;0;11;805;1409841961.768435434;1409841961.758437026;1596407;-1;1;0;3
2;0;12;805;1409841961.769253555;1409841961.758446315;1596407;-1;1;0;3
2;0;13;805;1409841961.770103593;1409841961.758456302;1596407;-1;1;0;3
2;0;14;805;1409841961.770928000;1409841961.758468873;1596407;-1;1;0;3
2;0;15;805;1409841961.776526058;1409841961.758478022;1596407;-1;1;0;3
2;0;16;805;1409841961.776537093;1409841961.758487172;1596407;-1;1;0;3
2;0;17;805;1409841961.776541563;1409841961.758495902;1596407;-1;1;0;3
2;0;18;805;1409841961.776546870;1409841961.758504562;1596407;-1;1;0;3
2;0;19;805;1409841961.776551201;1409841961.758514270;1596407;-1;1;0;3
2;0;20;805;1409841961.776555740;1409841961.758525026;1596407;-1;1;0;3
2;0;21;805;1409841961.776793969;1409841961.758535083;1596407;-1;1;0;3
2;0;22;805;1409841961.777628293;1409841961.758543464;1596407;-1;1;0;3
2;0;23;805;1409841961.778468693;1409841961.758552753;1596407;-1;1;0;3
2;0;24;805;1409841961.784500256;1409841961.758561902;1596407;-1;1;0;3
2;0;25;805;1409841961.784507031;1409841961.758571680;1596407;-1;1;0;3
2;0;26;805;1409841961.784511710;1409841961.758580969;1596407;-1;1;0;3
2;0;27;805;1409841961.784515831;1409841961.758592283;1596407;-1;1;0;3
2;0;28;805;1409841961.784520370;1409841961.758600734;1596407;-1;1;0;3
2;0;29;805;1409841961.784524282;1409841961.758609603;1596407;-1;1;0;3
2;0;30;805;1409841961.784528332;1409841961.758618334;1596407;-1;1;0;3
2;0;31;805;1409841961.785206002;1409841961.758628251;1596407;-1;1;0;3
2;0;32;805;1409841961.786032993;1409841961.758637261;1596407;-1;1;0;3
2;0;33;805;1409841961.786863546;1409841961.758647527;1596407;-1;1;0;3
2;0;34;805;1409841961.787700873;1409841961.758656746;1596407;-1;1;0;3
2;0;35;805;1409841961.788549724;1409841961.758667153;1596407;-1;1;0;3
2;0;36;805;1409841961.789448232;1409841961.758676511;1596407;-1;1;0;3
2;0;37;805;1409841961.790283045;1409841961.758685800;1596407;-1;1;0;3
2;0;38;805;1409841961.791068130;1409841961.758695927;1596407;-1;1;0;3
2;0;39;805;1409841961.791916074;1409841961.758705565;1596407;-1;1;0;3
2;0;40;805;1409841961.792828899;1409841961.758715273;1596407;-1;1;0;3
2;0;41;805;1409841961.793567750;1409841961.758723934;1596407;-1;1;0;3
2;0;42;805;1409841961.794455503;1409841961.758732943;1596407;-1;1;0;3
2;0;43;805;1409841961.795291014;1409841961.758744048;1596407;-1;1;0;3
2;0;44;805;1409841961.796082944;1409841961.758753616;1596407;-1;1;0;3
2;0;45;805;1409841961.796907700;1409841961.758762835;1596407;-1;1;0;3
2;0;46;805;1409841961.797821852;1409841961.758773032;1596407;-1;1;0;3
2;0;47;805;1409841961.798597440;1409841961.758783299;1596407;-1;1;0;3
2;0;48;805;1409841961.799461446;1409841961.758792797;1596407;-1;1;0;3
2;0;49;805;1409841961.800322101;1409841961.758801877;1596407;-1;1;0;3
2;0;50;805;1409841961.801156075;1409841961.758811654;1596407;-1;1;0;3
2;0;51;805;1409841961.801958272;1409841961.758821362;1596407;-1;1;0;3
2;0;52;805;1409841961.802830171;1409841961.758831140;1596407;-1;1;0;3
2;0;53;805;1409841961.803635301;1409841961.758840080;1596407;-1;1;0;3
2;0;54;805;1409841961.804461943;1409841961.758848111;1596407;-1;1;0;3
2;0;55;805;1409841961.805347390;1409841961.758857610;1596407;-1;1;0;3
2;0;56;805;1409841961.806185905;1409841961.758865432;1596407;-1;1;0;3
2;0;57;805;1409841961.807019810;1409841961.758872626;1596407;-1;1;0;3
2;0;58;805;1409841961.807858953;1409841961.758879959;1596407;-1;1;0;3
2;0;59;805;1409841961.808657728;1409841961.758887432;1596407;-1;1;0;3
2;0;60;805;1409841961.809502528;1409841961.758895534;1596407;-1;1;0;3
2;0;61;805;1409841961.810367791;1409841961.758903216;1596407;-1;1;0;3
2;0;62;805;1409841961.811206585;1409841961.758910340;1596407;-1;1;0;3
2;0;63;805;1409841961.812043982;1409841961.758917464;1596407;-1;1;0;3
2;0;64;805;1409841961.812882217;1409841961.758925775;1596407;-1;1;0;3
2;0;65;805;1409841961.813680852;1409841961.758933318;1596407;-1;1;0;3
2;0;66;805;1409841961.814506935;1409841961.758942677;1596407;-1;1;0;3
2;0;67;805;1409841961.815396084;1409841961.758950569;1596407;-1;1;0;3
2;0;68;805;1409841961.816232015;1409841961.758958600;1596407;-1;1;0;3
2;0;69;805;1409841961.817011932;1409841961.758966073;1596407;-1;1;0;3
2;0;70;805;1409841961.817907717;1409841961.758973616;1596407;-1;1;0;3
2;0;71;805;1409841961.818708168;1409841961.758988702;1596407;-1;1;0;3
2;0;72;805;1409841961.819544517;1409841961.758996384;1596407;-1;1;0;3
2;0;73;805;1409841961.820421165;1409841961.759003718;1596407;-1;1;0;3
2;0;74;805;1409841961.821263311;1409841961.759011889;1596407;-1;1;0;3
2;0;75;805;1409841961.822094213;1409841961.759032492;1596407;-1;1;0;3
2;0;76;805;1409841961.822934753;1409841961.759041991;1596407;-1;1;0;3
2;0;77;805;1409841961.823768588;1409841961.759049534;1596407;-1;1;0;3
2;0;78;805;1409841961.824562962;1409841961.759057286;1596407;-1;1;0;3
2;0;79;805;1409841961.825444988;1409841961.790307000;1596407;-1;1;0;3
2;0;80;805;1409841961.826281477;1409841961.790326207;1596407;-1;1;0;3
2;0;81;805;1409841961.827116569;1409841961.790334797;1596407;-1;1;0;3
2;0;82;805;1409841961.827930290;1409841961.790343038;1596407;-1;1;0;3
2;0;83;805;1409841961.828798068;1409841961.790351140;1596407;-1;1;0;3
2;0;84;805;1409841961.829603687;1409841961.790359451;1596407;-1;1;0;3
2;0;85;805;1409841961.830457357;1409841961.790367413;1596407;-1;1;0;3
2;0;86;805;1409841961.831327789;1409841961.790376073;1596407;-1;1;0;3
2;0;87;805;1409841961.832143745;1409841961.790385083;1596407;-1;1;0;3
2;0;88;805;1409841961.832908507;1409841961.790393324;1596407;-1;1;0;3
2;0;89;805;1409841961.833819656;1409841961.790401565;1596407;-1;1;0;3
2;0;90;805;1409841961.834628977;1409841961.790410575;1596407;-1;1;0;3
2;0;91;805;1409841961.835460507;1409841961.790418537;1596407;-1;1;0;3
2;0;92;805;1409841961.836335549;1409841961.790429222;1596407;-1;1;0;3
2;0;93;805;1409841961.837171270;1409841961.790433483;1596407;-1;1;0;3
2;0;94;805;1409841961.838009714;1409841961.790437394;1596407;-1;1;0;3
2;0;95;805;1409841961.838844807;1409841961.790441445;1596407;-1;1;0;3
2;0;96;805;1409841961.839653778;1409841961.790445426;1596407;-1;1;0;3
2;0;97;805;1409841961.840488731;1409841961.790449476;1596407;-1;1;0;3
2;0;98;805;1409841961.841361607;1409841961.790453248;1596407;-1;1;0;3
2;0;99;805;1409841961.842192648;1409841961.790457578;1596407;-1;1;0;3
2;0;100;805;1409841961.843033258;1409841961.790462257;1596407;-1;1;0;3
2;0;101;805;1409841961.843872471;1409841961.790466657;1596407;-1;1;0;3
2;0;102;805;1409841961.844670966;1409841961.790473502;1596407;-1;1;0;3
2;0;103;805;1409841961.845486992;1409841961.790477692;1596407;-1;1;0;3
2;0;104;805;1409841961.846380402;1409841961.790481673;1596407;-1;1;0;3
2;0;105;805;1409841961.847221500;1409841961.790486003;1596407;-1;1;0;3
2;0;106;805;1409841961.848056383;1409841961.790490403;1596407;-1;1;0;3
2;0;107;805;1409841961.848895875;1409841961.790494524;1596407;-1;1;0;3
2;0;108;805;1409841961.849728802;1409841961.790498575;1596407;-1;1;0;3
2;0;109;805;1409841961.850532466;1409841961.790502556;1596407;-1;1;0;3
2;0;110;805;1409841961.851373076;1409841961.790506257;1596407;-1;1;0;3
2;0;111;805;1409841961.852191266;1409841961.790510168;1596407;-1;1;0;3
2;0;112;805;1409841961.853087540;1409841961.790513940;1596407;-1;1;0;3
2;0;113;805;1409841961.853919768;1409841961.790517572;1596407;-1;1;0;3
2;0;114;805;1409841961.854760029;1409841961.790521413;1596407;-1;1;0;3
2;0;115;805;1409841961.855564880;1409841961.790525114;1596407;-1;1;0;3
2;0;116;805;1409841961.856432867;1409841961.790528956;1596407;-1;1;0;3
2;0;117;805;1409841961.857270683;1409841961.822115305;1596407;-1;1;0;3
2;0;118;805;1409841961.858110455;1409841961.822127597;1596407;-1;1;0;3
2;0;119;805;1409841961.858947293;1409841961.822136257;1596407;-1;1;0;3
2;0;120;805;1409841961.859783014;1409841961.822144429;1596407;-1;1;0;3
2;0;121;805;1409841961.860591427;1409841961.822152111;1596407;-1;1;0;3
2;0;122;805;1409841961.861418417;1409841961.822160003;1596407;-1;1;0;3
2;0;123;805;1409841961.862302119;1409841961.822168175;1596407;-1;1;0;3
2;0;124;805;1409841961.863132392;1409841961.822176137;1596407;-1;1;0;3
2;0;125;805;1409841961.863970348;1409841961.822183889;1596407;-1;1;0;3
2;0;126;805;1409841961.864828767;1409841961.822191781;1596407;-1;1;0;3
2;0;127;805;1409841961.865643396;1409841961.822199324;1596407;-1;1;0;3
2;0;128;805;1409841961.866510406;1409841961.822207984;1596407;-1;1;0;3
2;0;129;805;1409841961.867314558;1409841961.822215597;1596407;-1;1;0;3
2;0;130;805;1409841961.868179892;1409841961.822222721;1596407;-1;1;0;3
2;0;131;805;1409841961.869015193;1409841961.822229495;1596407;-1;1;0;3
2;0;132;805;1409841961.869901759;1409841961.822236479;1596407;-1;1;0;3
2;0;133;805;1409841961.870707448;1409841961.822243394;1596407;-1;1;0;3
2;0;134;805;1409841961.871781886;1409841961.822253241;1596407;-1;1;0;3
2;0;135;805;1409841961.872440210;1409841961.822257013;1596407;-1;1;0;3
2;0;136;805;1409841961.873279912;1409841961.822260994;1596407;-1;1;0;3
2;0;137;805;1409841961.874111302;1409841961.822265045;1596407;-1;1;0;3
2;0;138;805;1409841961.874970350;1409841961.822269165;1596407;-1;1;0;3
2;0;139;805;1409841961.875789658;1409841961.822272867;1596407;-1;1;0;3
2;0;140;805;1409841961.876623982;1409841961.822276778;1596407;-1;1;0;3
2;0;141;805;1409841961.877464592;1409841961.822280549;1596407;-1;1;0;3
2;0;142;805;1409841961.878197786;1409841961.822284530;1596407;-1;1;0;3
2;0;143;805;1409841961.879091475;1409841961.822288302;1596407;-1;1;0;3
2;0;144;805;1409841961.879887945;1409841961.822292283;1596407;-1;1;0;3
2;0;145;805;1409841961.880860135;1409841961.822296264;1596407;-1;1;0;3
2;0;146;805;1409841961.881653183;1409841961.822300105;1596407;-1;1;0;3
2;0;147;805;1409841961.882492955;1409841961.822303946;1596407;-1;1;0;3
2;0;148;805;1409841961.883320993;1409841961.822307787;1596407;-1;1;0;3
2;0;149;805;1409841961.884156365;1409841961.822311699;1596407;-1;1;0;3
2;0;150;805;1409841961.885006403;1409841961.822315610;1596407;-1;1;0;3
2;0;151;805;1409841961.885832486;1409841961.822319381;1596407;-1;1;0;3
2;0;152;805;1409841961.886570010;1409841961.822325038;1596407;-1;1;0;3
2;0;153;805;1409841961.887438626;1409841961.822329159;1596407;-1;1;0;3
2;0;154;805;1409841961.888351800;1409841961.822342499;1596407;-1;1;0;3
2;0;155;805;1409841961.889193737;1409841961.853944911;1596407;-1;1;0;3
2;0;156;805;1409841961.890031064;1409841961.853954549;1596407;-1;1;0;3
2;0;157;805;1409841961.890801483;1409841961.853961184;1596407;-1;1;0;3
2;0;158;805;1409841961.891632734;1409841961.853967679;1596407;-1;1;0;3
2;0;159;805;1409841961.892415236;1409841961.853974384;1596407;-1;1;0;3
2;0;160;805;1409841961.893309205;1409841961.853980740;1596407;-1;1;0;3
2;0;161;805;1409841961.894146183;1409841961.853986956;1596407;-1;1;0;3
2;0;162;805;1409841961.895069205;1409841961.853993241;1596407;-1;1;0;3
2;0;163;805;1409841961.895885161;1409841961.853999387;1596407;-1;1;0;3
2;0;164;805;1409841961.896769351;1409841961.854005673;1596407;-1;1;0;3
2;0;165;805;1409841961.897569383;1409841961.854011959;1596407;-1;1;0;3
2;0;166;805;1409841961.898398888;1409841961.854018524;1596407;-1;1;0;3
2;0;167;805;1409841961.899237752;1409841961.854024460;1596407;-1;1;0;3
2;0;168;805;1409841961.900078990;1409841961.854030397;1596407;-1;1;0;3
2;0;169;805;1409841961.900915409;1409841961.854036194;1596407;-1;1;0;3
2;0;170;805;1409841961.901756089;1409841961.854041851;1596407;-1;1;0;3
2;0;171;805;1409841961.902496546;1409841961.854047368;1596407;-1;1;0;3
2;0;172;805;1409841961.903327518;1409841961.854052816;1596407;-1;1;0;3
2;0;173;805;1409841961.904206400;1409841961.854058264;1596407;-1;1;0;3
2;0;174;805;1409841961.905106096;1409841961.854063781;1596407;-1;1;0;3
2;0;175;805;1409841961.905935671;1409841961.854069717;1596407;-1;1;0;3
2;0;176;805;1409841961.906773975;1409841961.854075444;1596407;-1;1;0;3
2;0;177;805;1409841961.907611582;1409841961.854081102;1596407;-1;1;0;3
2;0;178;805;1409841961.908449258;1409841961.854086549;1596407;-1;1;0;3
2;0;179;805;1409841961.909291125;1409841961.854091997;1596407;-1;1;0;3
2;0;180;805;1409841961.910125170;1409841961.854097444;1596407;-1;1;0;3
2;0;181;805;1409841961.910962706;1409841961.854103032;1596407;-1;1;0;3
2;0;182;805;1409841961.911800453;1409841961.854108410;1596407;-1;1;0;3
2;0;183;805;1409841961.912633170;1409841961.854114486;1596407;-1;1;0;3
2;0;184;805;1409841961.913475177;1409841961.854120632;1596407;-1;1;0;3
2;0;185;805;1409841961.914310828;1409841961.854126219;1596407;-1;1;0;3
2;0;186;805;1409841961.915143964;1409841961.854131806;1596407;-1;1;0;3
2;0;187;805;1409841961.915987228;1409841961.854137254;1596407;-1;1;0;3
2;0;188;805;1409841961.916873584;1409841961.854142702;1596407;-1;1;0;3
2;0;189;805;1409841961.918078206;1409841961.854148289;1596407;-1;1;0;3
2;0;190;805;1409841961.918350448;1409841961.854154295;1596407;-1;1;0;3
2;0;191;805;1409841961.919215921;1409841961.854159952;1596407;-1;1;0;3
2;0;192;805;1409841961.920109819;1409841961.854165959;1596407;-1;1;0;3
2;0;193;805;1409841961.921033610;1409841961.885857698;1596407;-1;1;0;3
2;0;194;805;1409841961.921857807;1409841961.885888009;1596407;-1;1;0;3
2;0;195;805;1409841961.922690036;1409841961.885901698;1596407;-1;1;0;3
2;0;196;805;1409841961.923524988;1409841961.885915457;1596407;-1;1;0;3
2;0;197;805;1409841961.924359801;1409841961.885928238;1596407;-1;1;0;3
2;0;198;805;1409841961.925203973;1409841961.885940111;1596407;-1;1;0;3
2;0;199;805;1409841961.926533402;1409841961.885952752;1596407;-1;1;0;3
2;0;200;805;1409841961.926728748;1409841961.885965324;1596407;-1;1;0;3
2;0;201;805;1409841961.927586957;1409841961.885978244;1596407;-1;1;0;3
2;0;202;805;1409841961.928476246;1409841961.885990746;1596407;-1;1;0;3
2;0;203;805;1409841961.929258399;1409841961.886002898;1596407;-1;1;0;3
2;0;204;805;1409841961.930150272;1409841961.886016168;1596407;-1;1;0;3
2;0;205;805;1409841961.930986622;1409841961.886028390;1596407;-1;1;0;3
2;0;206;805;1409841961.931908247;1409841961.886039844;1596407;-1;1;0;3
2;0;207;805;1409841961.932732793;1409841961.886050460;1596407;-1;1;0;3
2;0;208;805;1409841961.933477860;1409841961.886060587;1596407;-1;1;0;3
2;0;209;805;1409841961.934415968;1409841961.886070644;1596407;-1;1;0;3
2;0;210;805;1409841961.935132959;1409841961.886080771;1596407;-1;1;0;3
2;0;211;805;1409841961.935982788;1409841961.886092505;1596407;-1;1;0;3
2;0;212;805;1409841961.936797277;1409841961.886102702;1596407;-1;1;0;3
2;0;213;805;1409841961.937639912;1409841961.886112549;1596407;-1;1;0;3
2;0;214;805;1409841961.938457264;1409841961.886122746;1596407;-1;1;0;3
2;0;215;805;1409841961.939289703;1409841961.886132594;1596407;-1;1;0;3
2;0;216;805;1409841961.940148331;1409841961.886143279;1596407;-1;1;0;3
2;0;217;805;1409841961.940963589;1409841961.886153406;1596407;-1;1;0;3
2;0;218;805;1409841961.941804338;1409841961.886163952;1596407;-1;1;0;3
2;0;219;805;1409841961.942652910;1409841961.886173940;1596407;-1;1;0;3
2;0;220;805;1409841961.943483253;1409841961.886184416;1596407;-1;1;0;3
2;0;221;805;1409841961.944309335;1409841961.886195102;1596407;-1;1;0;3
2;0;222;805;1409841961.945157627;1409841961.886205997;1596407;-1;1;0;3
2;0;223;805;1409841961.946036929;1409841961.886216613;1596407;-1;1;0;3
2;0;224;805;1409841961.946881660;1409841961.886226810;1596407;-1;1;0;3
2;0;225;805;1409841961.947684834;1409841961.886237146;1596407;-1;1;0;3
2;0;226;805;1409841961.948503514;1409841961.886247133;1596407;-1;1;0;3
2;0;227;805;1409841961.949400066;1409841961.886258727;1596407;-1;1;0;3
2;0;228;805;1409841961.950233762;1409841961.886269832;1596407;-1;1;0;3
2;0;229;805;1409841961.951072067;1409841961.886280867;1596407;-1;1;0;3
2;0;230;805;1409841961.951908975;1409841961.886291133;1596407;-1;1;0;3
2;0;231;805;1409841961.952746581;1409841961.917594066;1596407;-1;1;0;3
2;0;232;805;1409841961.953553178;1409841961.917626682;1596407;-1;1;0;3
2;0;233;805;1409841961.954418232;1409841961.917660625;1596407;-1;1;0;3
2;0;234;805;1409841961.955259261;1409841961.917676270;1596407;-1;1;0;3
2;0;235;805;1409841961.956095820;1409841961.917689819;1596407;-1;1;0;3
2;0;236;805;1409841961.956937408;1409841961.917702320;1596407;-1;1;0;3
2;0;237;805;1409841961.957771313;1409841961.917714263;1596407;-1;1;0;3
2;0;238;805;1409841961.958576303;1409841961.917726346;1596407;-1;1;0;3
2;0;239;805;1409841961.959445129;1409841961.917739546;1596407;-1;1;0;3
2;0;240;805;1409841961.960284830;1409841961.917751908;1596407;-1;1;0;3
2;0;241;805;1409841961.961119923;1409841961.917763920;1596407;-1;1;0;3
2;0;242;805;1409841961.961957599;1409841961.917776492;1596407;-1;1;0;3
2;0;243;805;1409841961.962795345;1409841961.917788505;1596407;-1;1;0;3
2;0;244;805;1409841961.963600336;1409841961.917799470;1596407;-1;1;0;3
2;0;245;805;1409841961.964459942;1409841961.917812809;1596407;-1;1;0;3
2;0;246;805;1409841961.965307885;1409841961.917823495;1596407;-1;1;0;3
2;0;247;805;1409841961.966145632;1409841961.917834390;1596407;-1;1;0;3
2;0;248;805;1409841961.966916610;1409841961.917845495;1596407;-1;1;0;3
2;0;249;805;1409841961.967825454;1409841961.917856390;1596407;-1;1;0;3
2;0;250;805;1409841961.968626813;1409841961.917866797;1596407;-1;1;0;3
2;0;251;805;1409841961.969459810;1409841961.917877971;1596407;-1;1;0;3
2;0;252;805;1409841961.970332198;1409841961.917889286;1596407;-1;1;0;3
2;0;253;805;1409841961.971170712;1409841961.917900390;1596407;-1;1;0;3
2;0;254;805;1409841961.972010693;1409841961.917911216;1596407;-1;1;0;3
2;0;255;805;1409841961.972846135;1409841961.917921622;1596407;-1;1;0;3
2;0;256;805;1409841961.973650078;1409841961.917932797;1596407;-1;1;0;3
2;0;257;805;1409841961.974472040;1409841961.917943133;1596407;-1;1;0;3
2;0;258;805;1409841961.975360211;1409841961.917953330;1596407;-1;1;0;3
2;0;259;805;1409841961.976195862;1409841961.917963667;1596407;-1;1;0;3
2;0;260;805;1409841961.977049881;1409841961.917974073;1596407;-1;1;0;3
2;0;261;805;1409841961.977870726;1409841961.917984200;1596407;-1;1;0;3
2;0;262;805;1409841961.978688288;1409841961.917994536;1596407;-1;1;0;3
2;0;263;805;1409841961.979496282;1409841961.918004803;1596407;-1;1;0;3
2;0;264;805;1409841961.980383476;1409841961.918015209;1596407;-1;1;0;3
2;0;265;805;1409841961.981222758;1409841961.918025476;1596407;-1;1;0;3
2;0;266;805;1409841961.982058130;1409841961.918036302;1596407;-1;1;0;3
2;0;267;805;1409841961.982897413;1409841961.918047406;1596407;-1;1;0;3
2;0;268;805;1409841961.983733064;1409841961.918059000;1596407;-1;1;0;3
2;0;269;805;1409841961.984534143;1409841961.949442460;1596407;-1;1;0;3
2;0;270;805;1409841961.985409324;1409841961.949460479;1596407;-1;1;0;3
2;0;271;805;1409841961.986248118;1409841961.949469209;1596407;-1;1;0;3
2;0;272;805;1409841961.987088029;1409841961.949477730;1596407;-1;1;0;3
2;0;273;805;1409841961.987922144;1409841961.949488485;1596407;-1;1;0;3
2;0;274;805;1409841961.988760658;1409841961.949493444;1596407;-1;1;0;3
2;0;275;805;1409841961.989567116;1409841961.949498263;1596407;-1;1;0;3
2;0;276;805;1409841961.990434335;1409841961.949503152;1596407;-1;1;0;3
2;0;277;805;1409841961.991273268;1409841961.949507901;1596407;-1;1;0;3
2;0;278;805;1409841961.992109338;1409841961.949514746;1596407;-1;1;0;3
2;0;279;805;1409841961.992946735;1409841961.949519774;1596407;-1;1;0;3
2;0;280;805;1409841961.993782805;1409841961.949524873;1596407;-1;1;0;3
2;0;281;805;1409841961.994592266;1409841961.949529832;1596407;-1;1;0;3
2;0;282;805;1409841961.995459136;1409841961.949534162;1596407;-1;1;0;3
2;0;283;805;1409841961.996298907;1409841961.949538632;1596407;-1;1;0;3
2;0;284;805;1409841961.997151250;1409841961.949543311;1596407;-1;1;0;3
2;0;285;805;1409841961.997972724;1409841961.949548479;1596407;-1;1;0;3
2;0;286;805;1409841961.998807117;1409841961.949553159;1596407;-1;1;0;3
2;0;287;805;1409841961.999614552;1409841961.949557559;1596407;-1;1;0;3
2;0;288;805;1409841962.461169;1409841961.949561889;1596407;-1;1;0;3
2;0;289;805;1409841962.1336699;1409841961.949566359;1596407;-1;1;0;3
2;0;290;805;1409841962.2164039;1409841961.949570479;1596407;-1;1;0;3
2;0;291;805;1409841962.2997175;1409841961.949574670;1596407;-1;1;0;3
2;0;292;805;1409841962.3836318;1409841961.949578790;1596407;-1;1;0;3
2;0;293;805;1409841962.4633976;1409841961.949582981;1596407;-1;1;0;3
2;0;294;805;1409841962.5480033;1409841961.949588428;1596407;-1;1;0;3
2;0;295;805;1409841962.6344808;1409841961.949592828;1596407;-1;1;0;3
2;0;296;805;1409841962.7185417;1409841961.949597647;1596407;-1;1;0;3
2;0;297;805;1409841962.8020510;1409841961.949602047;1596407;-1;1;0;3
2;0;298;805;1409841962.8859653;1409841961.949606168;1596407;-1;1;0;3
2;0;299;805;1409841962.9658637;1409841961.949610219;1596407;-1;1;0;3
2;0;300;805;1409841962.10490796;1409841961.949614409;1596407;-1;1;0;3
2;0;301;805;1409841962.11376244;1409841961.949618809;1596407;-1;1;0;3
2;0;302;805;1409841962.12208193;1409841961.949622860;1596407;-1;1;0;3
2;0;303;805;1409841962.13064168;1409841961.949627190;1596407;-1;1;0;3
2;0;304;805;1409841962.13880892;1409841961.949631381;1596407;-1;1;0;3
2;0;305;805;1409841962.14681971;1409841961.949635571;1596407;-1;1;0;3
2;0;306;805;1409841962.15526771;1409841961.949639692;1596407;-1;1;0;3
2;0;307;805;1409841962.16396784;1409841961.981245317;1596407;-1;1;0;3
2;0;308;805;1409841962.17166086;1409841961.981258727;1596407;-1;1;0;3
2;0;309;805;1409841962.18069134;1409841961.981267527;1596407;-1;1;0;3
2;0;310;805;1409841962.18850448;1409841961.981275838;1596407;-1;1;0;3
2;0;311;805;1409841962.19695249;1409841961.981292320;1596407;-1;1;0;3
2;0;312;805;1409841962.20538163;1409841961.981302098;1596407;-1;1;0;3
2;0;313;805;1409841962.21433458;1409841961.981312714;1596407;-1;1;0;3
2;0;314;805;1409841962.22296627;1409841961.981317323;1596407;-1;1;0;3
2;0;315;805;1409841962.23196602;1409841961.981321863;1596407;-1;1;0;3
2;0;316;805;1409841962.24021497;1409841961.981326403;1596407;-1;1;0;3
2;0;317;805;1409841962.24799040;1409841961.981330943;1596407;-1;1;0;3
2;0;318;805;1409841962.25574418;1409841961.981335762;1596407;-1;1;0;3
2;0;319;805;1409841962.26536132;1409841961.981340162;1596407;-1;1;0;3
2;0;320;805;1409841962.27373390;1409841961.981344352;1596407;-1;1;0;3
2;0;321;805;1409841962.28128095;1409841961.981348473;1596407;-1;1;0;3
2;0;322;805;1409841962.28979530;1409841961.981352523;1596407;-1;1;0;3
2;0;323;805;1409841962.29826914;1409841961.981356644;1596407;-1;1;0;3
2;0;324;805;1409841962.30740717;1409841961.981360625;1596407;-1;1;0;3
2;0;325;805;1409841962.31568127;1409841961.981364606;1596407;-1;1;0;3
2;0;326;805;1409841962.32404407;1409841961.981368517;1596407;-1;1;0;3
2;0;327;805;1409841962.33243899;1409841961.981372428;1596407;-1;1;0;3
2;0;328;805;1409841962.34082134;1409841961.981376479;1596407;-1;1;0;3
2;0;329;805;1409841962.34915410;1409841961.981380390;1596407;-1;1;0;3
2;0;330;805;1409841962.35748687;1409841961.981384301;1596407;-1;1;0;3
2;0;331;805;1409841962.36587271;1409841961.981388282;1596407;-1;1;0;3
2;0;332;805;1409841962.37427531;1409841961.981392193;1596407;-1;1;0;3
2;0;333;805;1409841962.38262484;1409841961.981396174;1596407;-1;1;0;3
2;0;334;805;1409841962.39104351;1409841961.981400295;1596407;-1;1;0;3
2;0;335;805;1409841962.39936859;1409841961.981404206;1596407;-1;1;0;3
2;0;336;805;1409841962.40769367;1409841961.981408187;1596407;-1;1;0;3
2;0;337;805;1409841962.41884872;1409841961.981412028;1596407;-1;1;0;3
2;0;338;805;1409841962.42438015;1409841961.981416009;1596407;-1;1;0;3
2;0;339;805;1409841962.43215767;1409841961.981419920;1596407;-1;1;0;3
2;0;340;805;1409841962.44060149;1409841961.981423762;1596407;-1;1;0;3
2;0;341;805;1409841962.44982053;1409841961.981428092;1596407;-1;1;0;3
2;0;342;805;1409841962.45710009;1409841961.981432073;1596407;-1;1;0;3
2;0;343;805;1409841962.46540911;1409841961.981436124;1596407;-1;1;0;3
2;0;344;805;1409841962.47443470;1409841961.981440244;1596407;-1;1;0;3
2;0;345;805;1409841962.48317394;1409841962.13073596;1596407;-1;1;0;3
2;0;346;805;1409841962.49158632;1409841962.13086447;1596407;-1;1;0;3
2;0;347;805;1409841962.49989185;1409841962.13095247;1596407;-1;1;0;3
2;0;348;805;1409841962.50826582;1409841962.13103279;1596407;-1;1;0;3
2;0;349;805;1409841962.51663210;1409841962.13112149;1596407;-1;1;0;3
2;0;350;805;1409841962.52498582;1409841962.13120390;1596407;-1;1;0;3
2;0;351;805;1409841962.53270398;1409841962.13134288;1596407;-1;1;0;3
2;0;352;805;1409841962.54120366;1409841962.13138828;1596407;-1;1;0;3
2;0;353;805;1409841962.54945611;1409841962.13143228;1596407;-1;1;0;3
2;0;354;805;1409841962.55862697;1409841962.13147628;1596407;-1;1;0;3
2;0;355;805;1409841962.56688849;1409841962.13152028;1596407;-1;1;0;3
2;0;356;805;1409841962.57536094;1409841962.13156777;1596407;-1;1;0;3
2;0;357;805;1409841962.58365808;1409841962.13161387;1596407;-1;1;0;3
2;0;358;805;1409841962.59200272;1409841962.13165647;1596407;-1;1;0;3
2;0;359;805;1409841962.60036063;1409841962.13169698;1596407;-1;1;0;3
2;0;360;805;1409841962.60880234;1409841962.13173888;1596407;-1;1;0;3
2;0;361;805;1409841962.61713581;1409841962.13177939;1596407;-1;1;0;3
2;0;362;805;1409841962.62500762;1409841962.13182060;1596407;-1;1;0;3
2;0;363;805;1409841962.63320698;1409841962.13186181;1596407;-1;1;0;3
2;0;364;805;1409841962.64237016;1409841962.13190231;1596407;-1;1;0;3
2;0;365;805;1409841962.65077486;1409841962.13194282;1596407;-1;1;0;3
2;0;366;805;1409841962.65901124;1409841962.13198542;1596407;-1;1;0;3
2;0;367;805;1409841962.66775886;1409841962.13202733;1596407;-1;1;0;3
2;0;368;805;1409841962.67464521;1409841962.13206784;1596407;-1;1;0;3
2;0;369;805;1409841962.68288858;1409841962.13210765;1596407;-1;1;0;3
2;0;370;805;1409841962.69183176;1409841962.13214746;1596407;-1;1;0;3
2;0;371;805;1409841962.70023366;1409841962.13218866;1596407;-1;1;0;3
2;0;372;805;1409841962.70852033;1409841962.13222917;1596407;-1;1;0;3
2;0;373;805;1409841962.71761506;1409841962.13226898;1596407;-1;1;0;3
2;0;374;805;1409841962.72601627;1409841962.13230949;1596407;-1;1;0;3
2;0;375;805;1409841962.73442027;1409841962.13235349;1596407;-1;1;0;3
2;0;376;805;1409841962.74274885;1409841962.13239889;1596407;-1;1;0;3
2;0;377;805;1409841962.75110466;1409841962.13244079;1596407;-1;1;0;3
2;0;378;805;1409841962.75951075;1409841962.13248269;1596407;-1;1;0;3
2;0;379;805;1409841962.76786936;1409841962.13252320;1596407;-1;1;0;3
2;0;380;805;1409841962.77514542;1409841962.13256371;1596407;-1;1;0;3
2;0;381;805;1409841962.78390143;1409841962.13260492;1596407;-1;1;0;3
2;0;382;805;1409841962.79176835;1409841962.13264962;1596407;-1;1;0;3
2;0;383;805;1409841962.80062143;1409841962.44996860;1596407;-1;1;0;3
2;0;384;805;1409841962.80905965;1409841962.45028219;1596407;-1;1;0;3
2;0;385;805;1409841962.81829477;1409841962.45042815;1596407;-1;1;0;3
2;0;386;805;1409841962.82656607;1409841962.45055038;1596407;-1;1;0;3
2;0;387;805;1409841962.83488696;1409841962.45067400;1596407;-1;1;0;3
2;0;388;805;1409841962.84331471;1409841962.45080809;1596407;-1;1;0;3
2;0;389;805;1409841962.85167680;1409841962.45092961;1596407;-1;1;0;3
2;0;390;805;1409841962.86002703;1409841962.45123412;1596407;-1;1;0;3
2;0;391;805;1409841962.86837166;1409841962.45140104;1596407;-1;1;0;3
2;0;392;805;1409841962.87677287;1409841962.45152257;1596407;-1;1;0;3
2;0;393;805;1409841962.88512799;1409841962.45164200;1596407;-1;1;0;3
2;0;394;805;1409841962.89355154;1409841962.45177539;1596407;-1;1;0;3
2;0;395;805;1409841962.90188710;1409841962.45188784;1596407;-1;1;0;3
2;0;396;805;1409841962.90920577;1409841962.45199400;1596407;-1;1;0;3
2;0;397;805;1409841962.91741771;1409841962.45210365;1596407;-1;1;0;3
2;0;398;805;1409841962.92556050;1409841962.45220701;1596407;-1;1;0;3
2;0;399;805;1409841962.93478723;1409841962.45232015;1596407;-1;1;0;3
2;0;400;805;1409841962.94394273;1409841962.45243469;1596407;-1;1;0;3
2;0;401;805;1409841962.95222660;1409841962.45255063;1596407;-1;1;0;3
2;0;402;805;1409841962.96049930;1409841962.45266308;1596407;-1;1;0;3
2;0;403;805;1409841962.96889562;1409841962.45276854;1596407;-1;1;0;3
2;0;404;805;1409841962.97753638;1409841962.45287888;1596407;-1;1;0;3
2;0;405;805;1409841962.98569455;1409841962.45298155;1596407;-1;1;0;3
2;0;406;805;1409841962.99403290;1409841962.45308841;1596407;-1;1;0;3
2;0;407;805;1409841962.100235518;1409841962.45318898;1596407;-1;1;0;3
2;0;408;805;1409841962.101085696;1409841962.45329444;1596407;-1;1;0;3
2;0;409;805;1409841962.101951379;1409841962.45339571;1596407;-1;1;0;3
2;0;410;805;1409841962.102640293;1409841962.45349628;1596407;-1;1;0;3
2;0;411;805;1409841962.103492008;1409841962.45360523;1596407;-1;1;0;3
2;0;412;805;1409841962.104352173;1409841962.45371279;1596407;-1;1;0;3
2;0;413;805;1409841962.105192643;1409841962.45381825;1596407;-1;1;0;3
2;0;414;805;1409841962.106109729;1409841962.45391812;1596407;-1;1;0;3
2;0;415;805;1409841962.106940212;1409841962.45402568;1596407;-1;1;0;3
2;0;416;805;1409841962.107773698;1409841962.45413603;1596407;-1;1;0;3
2;0;417;805;1409841962.108612491;1409841962.45424777;1596407;-1;1;0;3
2;0;418;805;1409841962.109396530;1409841962.45435882;1596407;-1;1;0;3
2;0;419;805;1409841962.110217095;1409841962.45447057;1596407;-1;1;0;3
2;0;420;805;1409841962.111070905;1409841962.45457673;1596407;-1;1;0;3
2;0;421;805;1409841962.111911514;1409841962.76858803;1596407;-1;1;0;3
2;0;422;805;1409841962.112696810;1409841962.76896238;1596407;-1;1;0;3
2;0;423;805;1409841962.113508435;1409841962.76910206;1596407;-1;1;0;3
2;0;424;805;1409841962.114345902;1409841962.76922917;1596407;-1;1;0;3
2;0;425;805;1409841962.115182670;1409841962.76936536;1596407;-1;1;0;3
2;0;426;805;1409841962.116024956;1409841962.76948479;1596407;-1;1;0;3
2;0;427;805;1409841962.116905236;1409841962.76960492;1596407;-1;1;0;3
2;0;428;805;1409841962.117711623;1409841962.76972644;1596407;-1;1;0;3
2;0;429;805;1409841962.118561871;1409841962.76985006;1596407;-1;1;0;3
2;0;430;805;1409841962.119424900;1409841962.76996599;1596407;-1;1;0;3
2;0;431;805;1409841962.120356583;1409841962.77009450;1596407;-1;1;0;3
2;0;432;805;1409841962.121180989;1409841962.77023209;1596407;-1;1;0;3
2;0;433;805;1409841962.122014964;1409841962.77035431;1596407;-1;1;0;3
2;0;434;805;1409841962.122781681;1409841962.77046466;1596407;-1;1;0;3
2;0;435;805;1409841962.123591631;1409841962.77057292;1596407;-1;1;0;3
2;0;436;805;1409841962.124399695;1409841962.77067907;1596407;-1;1;0;3
2;0;437;805;1409841962.125221587;1409841962.77079641;1596407;-1;1;0;3
2;0;438;805;1409841962.126072742;1409841962.77091374;1596407;-1;1;0;3
2;0;439;805;1409841962.126910209;1409841962.77101850;1596407;-1;1;0;3
2;0;440;805;1409841962.128624813;1409841962.77112047;1596407;-1;1;0;3
2;0;441;805;1409841962.128632146;1409841962.77122244;1596407;-1;1;0;3
2;0;442;805;1409841962.129389854;1409841962.77133139;1596407;-1;1;0;3
2;0;443;805;1409841962.130232070;1409841962.77144663;1596407;-1;1;0;3
2;0;444;805;1409841962.131073378;1409841962.77155558;1596407;-1;1;0;3
2;0;445;805;1409841962.131903512;1409841962.77165965;1596407;-1;1;0;3
2;0;446;805;1409841962.132757810;1409841962.77176231;1596407;-1;1;0;3
2;0;447;805;1409841962.133566153;1409841962.77186219;1596407;-1;1;0;3
2;0;448;805;1409841962.134403550;1409841962.77197882;1596407;-1;1;0;3
2;0;449;805;1409841962.135242833;1409841962.77208288;1596407;-1;1;0;3
2;0;450;805;1409841962.136102929;1409841962.77218346;1596407;-1;1;0;3
2;0;451;805;1409841962.136933481;1409841962.77229730;1596407;-1;1;0;3
2;0;452;805;1409841962.137771437;1409841962.77240206;1596407;-1;1;0;3
2;0;453;805;1409841962.138627551;1409841962.77251101;1596407;-1;1;0;3
2;0;454;805;1409841962.139461666;1409841962.77262206;1596407;-1;1;0;3
2;0;455;805;1409841962.140508936;1409841962.77273241;1596407;-1;1;0;3
2;0;456;805;1409841962.141103564;1409841962.77284695;1596407;-1;1;0;3
2;0;457;805;1409841962.141965476;1409841962.77295311;1596407;-1;1;0;3
2;0;458;805;1409841962.142800847;1409841962.77305787;1596407;-1;1;0;3
2;0;459;805;1409841962.143627419;1409841962.108632536;1596407;-1;1;0;3
2;0;460;805;1409841962.144483813;1409841962.108662568;1596407;-1;1;0;3
2;0;461;805;1409841962.145309267;1409841962.108676187;1596407;-1;1;0;3
2;0;462;805;1409841962.146140658;1409841962.108689736;1596407;-1;1;0;3
2;0;463;805;1409841962.146982943;1409841962.108702796;1596407;-1;1;0;3
2;0;464;805;1409841962.147815591;1409841962.108715298;1596407;-1;1;0;3
2;0;465;805;1409841962.148953934;1409841962.108728079;1596407;-1;1;0;3
2;0;466;805;1409841962.149498138;1409841962.108740650;1596407;-1;1;0;3
2;0;467;805;1409841962.150333439;1409841962.108753222;1596407;-1;1;0;3
2;0;468;805;1409841962.151166087;1409841962.108765095;1596407;-1;1;0;3
2;0;469;805;1409841962.152044760;1409841962.108795545;1596407;-1;1;0;3
2;0;470;805;1409841962.152882926;1409841962.108865945;1596407;-1;1;0;3
2;0;471;805;1409841962.153715434;1409841962.108882218;1596407;-1;1;0;3
2;0;472;805;1409841962.154542354;1409841962.108894161;1596407;-1;1;0;3
2;0;473;805;1409841962.155358589;1409841962.108905545;1596407;-1;1;0;3
2;0;474;805;1409841962.156198920;1409841962.108916091;1596407;-1;1;0;3
2;0;475;805;1409841962.157046793;1409841962.108927476;1596407;-1;1;0;3
2;0;476;805;1409841962.157875600;1409841962.108938511;1596407;-1;1;0;3
2;0;477;805;1409841962.158710901;1409841962.108949545;1596407;-1;1;0;3
2;0;478;805;1409841962.159548927;1409841962.108960301;1596407;-1;1;0;3
2;0;479;805;1409841962.160398965;1409841962.108970428;1596407;-1;1;0;3
2;0;480;805;1409841962.161232032;1409841962.108980485;1596407;-1;1;0;3
2;0;481;805;1409841962.162062375;1409841962.108990263;1596407;-1;1;0;3
2;0;482;805;1409841962.162883080;1409841962.109000390;1596407;-1;1;0;3
2;0;483;805;1409841962.163720896;1409841962.109010377;1596407;-1;1;0;3
2;0;484;805;1409841962.164557664;1409841962.109020923;1596407;-1;1;0;3
2;0;485;805;1409841962.165404909;1409841962.109030701;1596407;-1;1;0;3
2;0;486;805;1409841962.166229176;1409841962.109040898;1596407;-1;1;0;3
2;0;487;805;1409841962.167066643;1409841962.109051304;1596407;-1;1;0;3
2;0;488;805;1409841962.167918636;1409841962.109062269;1596407;-1;1;0;3
2;0;489;805;1409841962.168755475;1409841962.109072815;1596407;-1;1;0;3
2;0;490;805;1409841962.169615221;1409841962.109083152;1596407;-1;1;0;3
2;0;491;805;1409841962.170450732;1409841962.109092999;1596407;-1;1;0;3
2;0;492;805;1409841962.171287920;1409841962.109104314;1596407;-1;1;0;3
2;0;493;805;1409841962.172104923;1409841962.109114301;1596407;-1;1;0;3
2;0;494;805;1409841962.172950072;1409841962.109124638;1596407;-1;1;0;3
2;0;495;805;1409841962.173804301;1409841962.109135114;1596407;-1;1;0;3
2;0;496;805;1409841962.174616276;1409841962.109145311;1596407;-1;1;0;3
2;0;497;805;1409841962.175453952;1409841962.140324415;1596407;-1;1;0;3
2;0;498;805;1409841962.176319705;1409841962.140337475;1596407;-1;1;0;3
2;0;499;805;1409841962.177153191;1409841962.140342644;1596407;-1;1;0;3
2;0;500;805;1409841962.177999876;1409841962.140347393;1596407;-1;1;0;3
2;0;501;805;1409841962.178838461;1409841962.140352421;1596407;-1;1;0;3
2;0;502;805;1409841962.179671807;1409841962.140357101;1596407;-1;1;0;3
2;0;503;805;1409841962.180506201;1409841962.140362060;1596407;-1;1;0;3
2;0;504;805;1409841962.181339337;1409841962.140366669;1596407;-1;1;0;3
2;0;505;805;1409841962.182171915;1409841962.140371488;1596407;-1;1;0;3
2;0;506;805;1409841962.183013014;1409841962.140376028;1596407;-1;1;0;3
2;0;507;805;1409841962.183850551;1409841962.140380707;1596407;-1;1;0;3
2;0;508;805;1409841962.184677891;1409841962.140385806;1596407;-1;1;0;3
2;0;509;805;1409841962.185518500;1409841962.140390694;1596407;-1;1;0;3
2;0;510;805;1409841962.186347097;1409841962.140395653;1596407;-1;1;0;3
2;0;511;805;1409841962.187201885;1409841962.140399844;1596407;-1;1;0;3
2;0;512;805;1409841962.188029574;1409841962.140404244;1596407;-1;1;0;3
2;0;513;805;1409841962.188875771;1409841962.140408574;1596407;-1;1;0;3
2;0;514;805;1409841962.189724831;1409841962.140413533;1596407;-1;1;0;3
2;0;515;805;1409841962.190529542;1409841962.140417653;1596407;-1;1;0;3
2;0;516;805;1409841962.191378044;1409841962.140421774;1596407;-1;1;0;3
2;0;517;805;1409841962.192233670;1409841962.140425685;1596407;-1;1;0;3
2;0;518;805;1409841962.193103473;1409841962.140430085;1596407;-1;1;0;3
2;0;519;805;1409841962.193963569;1409841962.140434415;1596407;-1;1;0;3
2;0;520;805;1409841962.194854534;1409841962.140438885;1596407;-1;1;0;3
2;0;521;805;1409841962.195676845;1409841962.140443425;1596407;-1;1;0;3
2;0;522;805;1409841962.196519410;1409841962.140448942;1596407;-1;1;0;3
2;0;523;805;1409841962.197328941;1409841962.140453272;1596407;-1;1;0;3
2;0;524;805;1409841962.198118147;1409841962.140457393;1596407;-1;1;0;3
2;0;525;805;1409841962.199031811;1409841962.140461583;1596407;-1;1;0;3
2;0;526;805;1409841962.199864808;1409841962.140465774;1596407;-1;1;0;3
2;0;527;805;1409841962.200703392;1409841962.140470034;1596407;-1;1;0;3
2;0;528;805;1409841962.201586116;1409841962.140474155;1596407;-1;1;0;3
2;0;529;805;1409841962.202330484;1409841962.140479044;1596407;-1;1;0;3
2;0;530;805;1409841962.203167532;1409841962.140483444;1596407;-1;1;0;3
2;0;531;805;1409841962.204055844;1409841962.140487564;1596407;-1;1;0;3
2;0;532;805;1409841962.204901412;1409841962.140491825;1596407;-1;1;0;3
2;0;533;805;1409841962.205732663;1409841962.140496504;1596407;-1;1;0;3
2;0;534;805;1409841962.206566777;1409841962.140502091;1596407;-1;1;0;3
2;0;535;805;1409841962.207400124;1409841962.172185729;1596407;-1;1;0;3
2;0;536;805;1409841962.208238568;1409841962.172205774;1596407;-1;1;0;3
2;0;537;805;1409841962.209012549;1409841962.172214644;1596407;-1;1;0;3
2;0;538;805;1409841962.209918181;1409841962.172223025;1596407;-1;1;0;3
2;0;539;805;1409841962.210754810;1409841962.172232313;1596407;-1;1;0;3
2;0;540;805;1409841962.211597515;1409841962.172241253;1596407;-1;1;0;3
2;0;541;805;1409841962.212430652;1409841962.172249355;1596407;-1;1;0;3
2;0;542;805;1409841962.213282296;1409841962.172258364;1596407;-1;1;0;3
2;0;543;805;1409841962.214109007;1409841962.172267164;1596407;-1;1;0;3
2;0;544;805;1409841962.214851560;1409841962.172275825;1596407;-1;1;0;3
2;0;545;805;1409841962.215780309;1409841962.172284206;1596407;-1;1;0;3
2;0;546;805;1409841962.216616868;1409841962.172293355;1596407;-1;1;0;3
2;0;547;805;1409841962.217398602;1409841962.172303482;1596407;-1;1;0;3
2;0;548;805;1409841962.218192907;1409841962.172320802;1596407;-1;1;0;3
2;0;549;805;1409841962.219010748;1409841962.172329602;1596407;-1;1;0;3
2;0;550;805;1409841962.219923504;1409841962.172337006;1596407;-1;1;0;3
2;0;551;805;1409841962.220846107;1409841962.172344688;1596407;-1;1;0;3
2;0;552;805;1409841962.221650609;1409841962.172352021;1596407;-1;1;0;3
2;0;553;805;1409841962.222479415;1409841962.172359634;1596407;-1;1;0;3
2;0;554;805;1409841962.223315416;1409841962.172371786;1596407;-1;1;0;3
2;0;555;805;1409841962.224167898;1409841962.172376047;1596407;-1;1;0;3
2;0;556;805;1409841962.225005924;1409841962.172380726;1596407;-1;1;0;3
2;0;557;805;1409841962.225835778;1409841962.172385336;1596407;-1;1;0;3
2;0;558;805;1409841962.226673315;1409841962.172389456;1596407;-1;1;0;3
2;0;559;805;1409841962.227520908;1409841962.172393647;1596407;-1;1;0;3
2;0;560;805;1409841962.228308858;1409841962.172397837;1596407;-1;1;0;3
2;0;561;805;1409841962.229127887;1409841962.172401818;1596407;-1;1;0;3
2;0;562;805;1409841962.229970661;1409841962.172406358;1596407;-1;1;0;3
2;0;563;805;1409841962.230870566;1409841962.172410828;1596407;-1;1;0;3
2;0;564;805;1409841962.231693157;1409841962.172415158;1596407;-1;1;0;3
2;0;565;805;1409841962.232532090;1409841962.172419348;1596407;-1;1;0;3
2;0;566;805;1409841962.233371652;1409841962.172423399;1596407;-1;1;0;3
2;0;567;805;1409841962.234205348;1409841962.172429196;1596407;-1;1;0;3
2;0;568;805;1409841962.235040580;1409841962.172433387;1596407;-1;1;0;3
2;0;569;805;1409841962.235874904;1409841962.172437577;1596407;-1;1;0;3
2;0;570;805;1409841962.236675844;1409841962.172442187;1596407;-1;1;0;3
2;0;571;805;1409841962.237444517;1409841962.172446656;1596407;-1;1;0;3
2;0;572;805;1409841962.238348682;1409841962.172450917;1596407;-1;1;0;3
2;0;573;805;1409841962.239219882;1409841962.204072396;1596407;-1;1;0;3
2;0;574;805;1409841962.240116155;1409841962.204096561;1596407;-1;1;0;3
2;0;575;805;1409841962.240944263;1409841962.204106548;1596407;-1;1;0;3
2;0;576;805;1409841962.241660206;1409841962.204115069;1596407;-1;1;0;3
2;0;577;805;1409841962.242546213;1409841962.204123171;1596407;-1;1;0;3
2;0;578;805;1409841962.243381864;1409841962.204131551;1596407;-1;1;0;3
2;0;579;805;1409841962.244215210;1409841962.204139723;1596407;-1;1;0;3
2;0;580;805;1409841962.245150734;1409841962.204148453;1596407;-1;1;0;3
2;0;581;805;1409841962.245973325;1409841962.204157323;1596407;-1;1;0;3
2;0;582;805;1409841962.246801503;1409841962.204165704;1596407;-1;1;0;3
2;0;583;805;1409841962.247640436;1409841962.204174434;1596407;-1;1;0;3
2;0;584;805;1409841962.248421332;1409841962.204184351;1596407;-1;1;0;3
2;0;585;805;1409841962.249321586;1409841962.204193291;1596407;-1;1;0;3
2;0;586;805;1409841962.250153884;1409841962.204200764;1596407;-1;1;0;3
2;0;587;805;1409841962.250989465;1409841962.204208167;1596407;-1;1;0;3
2;0;588;805;1409841962.251823231;1409841962.204215571;1596407;-1;1;0;3
2;0;589;805;1409841962.252664469;1409841962.204222625;1596407;-1;1;0;3
2;0;590;805;1409841962.253400247;1409841962.204229818;1596407;-1;1;0;3
2;0;591;805;1409841962.254268863;1409841962.204237990;1596407;-1;1;0;3
2;0;592;805;1409841962.255110869;1409841962.204245463;1596407;-1;1;0;3
2;0;593;805;1409841962.256029911;1409841962.204253005;1596407;-1;1;0;3
2;0;594;805;1409841962.256862349;1409841962.204260828;1596407;-1;1;0;3
2;0;595;805;1409841962.257691645;1409841962.204267882;1596407;-1;1;0;3
2;0;596;805;1409841962.258531626;1409841962.204275913;1596407;-1;1;0;3
2;0;597;805;1409841962.259363994;1409841962.204283177;1596407;-1;1;0;3
2;0;598;805;1409841962.260199086;1409841962.204290371;1596407;-1;1;0;3
2;0;599;805;1409841962.261048286;1409841962.204297355;1596407;-1;1;0;3
2;0;600;805;1409841962.261877233;1409841962.204304409;1596407;-1;1;0;3
2;0;601;805;1409841962.262716865;1409841962.204312440;1596407;-1;1;0;3
2;0;602;805;1409841962.263556636;1409841962.204319774;1596407;-1;1;0;3
2;0;603;805;1409841962.264389493;1409841962.204326898;1596407;-1;1;0;3
2;0;604;805;1409841962.265233665;1409841962.204335209;1596407;-1;1;0;3
2;0;605;805;1409841962.266063170;1409841962.204342542;1596407;-1;1;0;3
2;0;606;805;1409841962.266835615;1409841962.204349596;1596407;-1;1;0;3
2;0;607;805;1409841962.268110847;1409841962.204357488;1596407;-1;1;0;3
2;0;608;805;1409841962.268463475;1409841962.204364682;1596407;-1;1;0;3
2;0;609;805;1409841962.269342428;1409841962.204371666;1596407;-1;1;0;3
2;0;610;805;1409841962.270190650;1409841962.204379418;1596407;-1;1;0;3
2;0;611;805;1409841962.271106619;1409841962.235894320;1596407;-1;1;0;3
2;0;612;805;1409841962.271932212;1409841962.235915202;1596407;-1;1;0;3
2;0;613;805;1409841962.272761787;1409841962.235923932;1596407;-1;1;0;3
2;0;614;805;1409841962.273606867;1409841962.235932313;1596407;-1;1;0;3
2;0;615;805;1409841962.274440772;1409841962.235941253;1596407;-1;1;0;3
2;0;616;805;1409841962.275280054;1409841962.235949215;1596407;-1;1;0;3
2;0;617;805;1409841962.276115496;1409841962.235957107;1596407;-1;1;0;3
2;0;618;805;1409841962.276960017;1409841962.235965278;1596407;-1;1;0;3
2;0;619;805;1409841962.277792455;1409841962.235973520;1596407;-1;1;0;3
2;0;620;805;1409841962.278577890;1409841962.235982669;1596407;-1;1;0;3
2;0;621;805;1409841962.279422900;1409841962.235990770;1596407;-1;1;0;3
2;0;622;805;1409841962.280237039;1409841962.236000478;1596407;-1;1;0;3
2;0;623;805;1409841962.281158944;1409841962.236009069;1596407;-1;1;0;3
2;0;624;805;1409841962.281980837;1409841962.236016263;1596407;-1;1;0;3
2;0;625;805;1409841962.282818792;1409841962.236023596;1596407;-1;1;0;3
2;0;626;805;1409841962.283653675;1409841962.236031069;1596407;-1;1;0;3
2;0;627;805;1409841962.284490863;1409841962.236052301;1596407;-1;1;0;3
2;0;628;805;1409841962.285332869;1409841962.236063266;1596407;-1;1;0;3
2;0;629;805;1409841962.286167822;1409841962.236070878;1596407;-1;1;0;3
2;0;630;805;1409841962.287008152;1409841962.236078910;1596407;-1;1;0;3
2;0;631;805;1409841962.287850158;1409841962.236086872;1596407;-1;1;0;3
2;0;632;805;1409841962.288678127;1409841962.236094136;1596407;-1;1;0;3
2;0;633;805;1409841962.289521181;1409841962.236101120;1596407;-1;1;0;3
2;0;634;805;1409841962.290351873;1409841962.236108802;1596407;-1;1;0;3
2;0;635;805;1409841962.291094496;1409841962.236116136;1596407;-1;1;0;3
2;0;636;805;1409841962.291887962;1409841962.236123120;1596407;-1;1;0;3
2;0;637;805;1409841962.292789334;1409841962.236130872;1596407;-1;1;0;3
2;0;638;805;1409841962.293602496;1409841962.236138275;1596407;-1;1;0;3
2;0;639;805;1409841962.294540325;1409841962.236145259;1596407;-1;1;0;3
2;0;640;805;1409841962.295379398;1409841962.236152243;1596407;-1;1;0;3
2;0;641;805;1409841962.296215608;1409841962.236159088;1596407;-1;1;0;3
2;0;642;805;1409841962.297060548;1409841962.236166910;1596407;-1;1;0;3
2;0;643;805;1409841962.297889703;1409841962.236175361;1596407;-1;1;0;3
2;0;644;805;1409841962.298661938;1409841962.236182974;1596407;-1;1;0;3
2;0;645;805;1409841962.299565754;1409841962.236190726;1596407;-1;1;0;3
2;0;646;805;1409841962.300343228;1409841962.236198059;1596407;-1;1;0;3
2;0;647;805;1409841962.301174059;1409841962.236205742;1596407;-1;1;0;3
2;0;648;805;1409841962.302091495;1409841962.236213634;1596407;-1;1;0;3
2;0;649;805;1409841962.302832161;1409841962.267654154;1596407;-1;1;0;3
2;0;650;805;1409841962.303623742;1409841962.267680694;1596407;-1;1;0;3
2;0;651;805;1409841962.304495152;1409841962.267693685;1596407;-1;1;0;3
2;0;652;805;1409841962.305444714;1409841962.267706535;1596407;-1;1;0;3
2;0;653;805;1409841962.306268702;1409841962.267719805;1596407;-1;1;0;3
2;0;654;805;1409841962.307101419;1409841962.267731748;1596407;-1;1;0;3
2;0;655;805;1409841962.307939724;1409841962.267743761;1596407;-1;1;0;3
2;0;656;805;1409841962.308778728;1409841962.267758148;1596407;-1;1;0;3
2;0;657;805;1409841962.309619337;1409841962.267769951;1596407;-1;1;0;3
2;0;658;805;1409841962.310461623;1409841962.267781894;1596407;-1;1;0;3
2;0;659;805;1409841962.311291198;1409841962.267794815;1596407;-1;1;0;3
2;0;660;805;1409841962.312128944;1409841962.267807875;1596407;-1;1;0;3
2;0;661;805;1409841962.312969344;1409841962.267819608;1596407;-1;1;0;3
2;0;662;805;1409841962.313807510;1409841962.267830783;1596407;-1;1;0;3
2;0;663;805;1409841962.314641903;1409841962.267841818;1596407;-1;1;0;3
2;0;664;805;1409841962.315478811;1409841962.267853621;1596407;-1;1;0;3
2;0;665;805;1409841962.316248602;1409841962.267864237;1596407;-1;1;0;3
2;0;666;805;1409841962.317089002;1409841962.267874364;1596407;-1;1;0;3
2;0;667;805;1409841962.317876323;1409841962.267885189;1596407;-1;1;0;3
2;0;668;805;1409841962.318732368;1409841962.267895596;1596407;-1;1;0;3
2;0;669;805;1409841962.319559079;1409841962.267905862;1596407;-1;1;0;3
2;0;670;805;1409841962.320436006;1409841962.267916059;1596407;-1;1;0;3
2;0;671;805;1409841962.321361543;1409841962.267926186;1596407;-1;1;0;3
2;0;672;805;1409841962.322186089;1409841962.267936593;1596407;-1;1;0;3
2;0;673;805;1409841962.323014826;1409841962.267946999;1596407;-1;1;0;3
2;0;674;805;1409841962.323849080;1409841962.267960688;1596407;-1;1;0;3
2;0;675;805;1409841962.324687804;1409841962.267971583;1596407;-1;1;0;3
2;0;676;805;1409841962.325525829;1409841962.267981989;1596407;-1;1;0;3
2;0;677;805;1409841962.326361969;1409841962.267993094;1596407;-1;1;0;3
2;0;678;805;1409841962.327201880;1409841962.268004339;1596407;-1;1;0;3
2;0;679;805;1409841962.328038719;1409841962.268014815;1596407;-1;1;0;3
2;0;680;805;1409841962.328858725;1409841962.268025570;1596407;-1;1;0;3
2;0;681;805;1409841962.329627608;1409841962.268036605;1596407;-1;1;0;3
2;0;682;805;1409841962.330490637;1409841962.268047780;1596407;-1;1;0;3
2;0;683;805;1409841962.331394802;1409841962.268058326;1596407;-1;1;0;3
2;0;684;805;1409841962.332174999;1409841962.268068662;1596407;-1;1;0;3
2;0;685;805;1409841962.333001640;1409841962.268079069;1596407;-1;1;0;3
2;0;686;805;1409841962.333909926;1409841962.268089545;1596407;-1;1;0;3
2;0;687;805;1409841962.334744041;1409841962.299591386;1596407;-1;1;0;3
2;0;688;805;1409841962.335485685;1409841962.299623653;1596407;-1;1;0;3
2;0;689;805;1409841962.336338308;1409841962.299637272;1596407;-1;1;0;3
2;0;690;805;1409841962.337265660;1409841962.299650681;1596407;-1;1;0;3
2;0;691;805;1409841962.338001089;1409841962.299663043;1596407;-1;1;0;3
2;0;692;805;1409841962.338850219;1409841962.299674567;1596407;-1;1;0;3
2;0;693;805;1409841962.339681610;1409841962.299686021;1596407;-1;1;0;3
2;0;694;805;1409841962.340606029;1409841962.299697964;1596407;-1;1;0;3
2;0;695;805;1409841962.341361572;1409841962.299709208;1596407;-1;1;0;3
2;0;696;805;1409841962.342140512;1409841962.299720732;1596407;-1;1;0;3
2;0;697;805;1409841962.342978677;1409841962.299732326;1596407;-1;1;0;3
2;0;698;805;1409841962.343891503;1409841962.299747132;1596407;-1;1;0;3
2;0;699;805;1409841962.344851332;1409841962.299759913;1596407;-1;1;0;3
2;0;700;805;1409841962.345635929;1409841962.299771158;1596407;-1;1;0;3
2;0;701;805;1409841962.346468995;1409841962.299781494;1596407;-1;1;0;3
2;0;702;805;1409841962.347311351;1409841962.299792250;1596407;-1;1;0;3
2;0;703;805;1409841962.348142742;1409841962.299803005;1596407;-1;1;0;3
2;0;704;805;1409841962.348922450;1409841962.299813412;1596407;-1;1;0;3
2;0;705;805;1409841962.349812577;1409841962.299842675;1596407;-1;1;0;3
2;0;706;805;1409841962.350651022;1409841962.299857272;1596407;-1;1;0;3
2;0;707;805;1409841962.351489047;1409841962.299868307;1596407;-1;1;0;3
2;0;708;805;1409841962.352324209;1409841962.299880040;1596407;-1;1;0;3
2;0;709;805;1409841962.353106292;1409841962.299890516;1596407;-1;1;0;3
2;0;710;805;1409841962.353933771;1409841962.299900434;1596407;-1;1;0;3
2;0;711;805;1409841962.354776546;1409841962.299911608;1596407;-1;1;0;3
2;0;712;805;1409841962.355692794;1409841962.299921805;1596407;-1;1;0;3
2;0;713;805;1409841962.356521950;1409841962.299931862;1596407;-1;1;0;3
2;0;714;805;1409841962.357362699;1409841962.299941640;1596407;-1;1;0;3
2;0;715;805;1409841962.358189760;1409841962.299951418;1596407;-1;1;0;3
2;0;716;805;1409841962.359028204;1409841962.299961335;1596407;-1;1;0;3
2;0;717;805;1409841962.359863017;1409841962.299971462;1596407;-1;1;0;3
2;0;718;805;1409841962.360703208;1409841962.299981729;1596407;-1;1;0;3
2;0;719;805;1409841962.361548427;1409841962.299992275;1596407;-1;1;0;3
2;0;720;805;1409841962.362272891;1409841962.300002402;1596407;-1;1;0;3
2;0;721;805;1409841962.363165253;1409841962.300013088;1596407;-1;1;0;3
2;0;722;805;1409841962.363993570;1409841962.300023285;1596407;-1;1;0;3
2;0;723;805;1409841962.364823774;1409841962.300033342;1596407;-1;1;0;3
2;0;724;805;1409841962.365670879;1409841962.300043189;1596407;-1;1;0;3
2;0;725;805;1409841962.366561983;1409841962.331411634;1596407;-1;1;0;3
2;0;726;805;1409841962.367290219;1409841962.331442643;1596407;-1;1;0;3
2;0;727;805;1409841962.368119025;1409841962.331456961;1596407;-1;1;0;3
2;0;728;805;1409841962.369012714;1409841962.331469602;1596407;-1;1;0;3
2;0;729;805;1409841962.369860448;1409841962.331482942;1596407;-1;1;0;3
2;0;730;805;1409841962.370768664;1409841962.331495513;1596407;-1;1;0;3
2;0;731;805;1409841962.371592232;1409841962.331508015;1596407;-1;1;0;3
2;0;732;805;1409841962.372432353;1409841962.331520237;1596407;-1;1;0;3
2;0;733;805;1409841962.373273940;1409841962.331533437;1596407;-1;1;0;3
2;0;734;805;1409841962.374036747;1409841962.331546218;1596407;-1;1;0;3
2;0;735;805;1409841962.374806677;1409841962.331559208;1596407;-1;1;0;3
2;0;736;805;1409841962.375659090;1409841962.331574084;1596407;-1;1;0;3
2;0;737;805;1409841962.376498931;1409841962.331586097;1596407;-1;1;0;3
2;0;738;805;1409841962.377329833;1409841962.331596713;1596407;-1;1;0;3
2;0;739;805;1409841962.378219681;1409841962.331608167;1596407;-1;1;0;3
2;0;740;805;1409841962.379014056;1409841962.331618643;1596407;-1;1;0;3
2;0;741;805;1409841962.379886792;1409841962.331629678;1596407;-1;1;0;3
2;0;742;805;1409841962.380701281;1409841962.331641062;1596407;-1;1;0;3
2;0;743;805;1409841962.381667117;1409841962.331652167;1596407;-1;1;0;3
2;0;744;805;1409841962.382480209;1409841962.331662434;1596407;-1;1;0;3
2;0;745;805;1409841962.383317117;1409841962.331672700;1596407;-1;1;0;3
2;0;746;805;1409841962.384151371;1409841962.331684434;1596407;-1;1;0;3
2;0;747;805;1409841962.384995752;1409841962.331694980;1596407;-1;1;0;3
2;0;748;805;1409841962.385831473;1409841962.331705526;1596407;-1;1;0;3
2;0;749;805;1409841962.386655949;1409841962.331716631;1596407;-1;1;0;3
2;0;750;805;1409841962.387431956;1409841962.331726827;1596407;-1;1;0;3
2;0;751;805;1409841962.388214807;1409841962.331737304;1596407;-1;1;0;3
2;0;752;805;1409841962.389032718;1409841962.331748478;1596407;-1;1;0;3
2;0;753;805;1409841962.389935347;1409841962.331759513;1596407;-1;1;0;3
2;0;754;805;1409841962.390744109;1409841962.331769919;1596407;-1;1;0;3
2;0;755;805;1409841962.391624668;1409841962.331781304;1596407;-1;1;0;3
2;0;756;805;1409841962.392437411;1409841962.331791919;1596407;-1;1;0;3
2;0;757;805;1409841962.393259932;1409841962.331802885;1596407;-1;1;0;3
2;0;758;805;1409841962.394169056;1409841962.331816434;1596407;-1;1;0;3
2;0;759;805;1409841962.395002751;1409841962.331827748;1596407;-1;1;0;3
2;0;760;805;1409841962.397259463;1409841962.331838434;1596407;-1;1;0;3
2;0;761;805;1409841962.397270497;1409841962.331848700;1596407;-1;1;0;3
2;0;762;805;1409841962.397413532;1409841962.331858827;1596407;-1;1;0;3
2;0;763;805;1409841962.398244644;1409841962.363195075;1596407;-1;1;0;3
2;0;764;805;1409841962.399088815;1409841962.363222942;1596407;-1;1;0;3
2;0;765;805;1409841962.399931730;1409841962.363235303;1596407;-1;1;0;3
2;0;766;805;1409841962.400754390;1409841962.363247386;1596407;-1;1;0;3
2;0;767;805;1409841962.401604987;1409841962.363261284;1596407;-1;1;0;3
2;0;768;805;1409841962.402447273;1409841962.363273227;1596407;-1;1;0;3
2;0;769;805;1409841962.405620791;1409841962.363285030;1596407;-1;1;0;3
2;0;770;805;1409841962.405627217;1409841962.363296694;1596407;-1;1;0;3
2;0;771;805;1409841962.405631966;1409841962.363309126;1596407;-1;1;0;3
2;0;772;805;1409841962.405760823;1409841962.363320999;1596407;-1;1;0;3
2;0;773;805;1409841962.406598639;1409841962.363333640;1596407;-1;1;0;3
2;0;774;805;1409841962.407438061;1409841962.363346770;1596407;-1;1;0;3
2;0;775;805;1409841962.408305839;1409841962.363359062;1596407;-1;1;0;3
2;0;776;805;1409841962.409114951;1409841962.363369818;1596407;-1;1;0;3
2;0;777;805;1409841962.409954513;1409841962.363379875;1596407;-1;1;0;3
2;0;778;805;1409841962.410803364;1409841962.363390072;1596407;-1;1;0;3
2;0;779;805;1409841962.411641878;1409841962.363400548;1596407;-1;1;0;3
2;0;780;805;1409841962.412473967;1409841962.363410675;1596407;-1;1;0;3
2;0;781;805;1409841962.413326101;1409841962.363421849;1596407;-1;1;0;3
2;0;782;805;1409841962.414163498;1409841962.363432256;1596407;-1;1;0;3
2;0;783;805;1409841962.414999847;1409841962.363442313;1596407;-1;1;0;3
2;0;784;805;1409841962.415838222;1409841962.363470529;1596407;-1;1;0;3
2;0;785;805;1409841962.416667028;1409841962.363482681;1596407;-1;1;0;3
2;0;786;805;1409841962.417483682;1409841962.363494135;1596407;-1;1;0;3
2;0;787;805;1409841962.418355022;1409841962.363504542;1596407;-1;1;0;3
2;0;788;805;1409841962.419186483;1409841962.363514738;1596407;-1;1;0;3
2;0;789;805;1409841962.420030235;1409841962.363525773;1596407;-1;1;0;3
2;0;790;805;1409841962.420857296;1409841962.363536878;1596407;-1;1;0;3
2;0;791;805;1409841962.421696509;1409841962.363547354;1596407;-1;1;0;3
2;0;792;805;1409841962.422543614;1409841962.363557621;1596407;-1;1;0;3
2;0;793;805;1409841962.423380103;1409841962.363567608;1596407;-1;1;0;3
2;0;794;805;1409841962.424218268;1409841962.363577945;1596407;-1;1;0;3
2;0;795;805;1409841962.425021373;1409841962.363588561;1596407;-1;1;0;3
2;0;796;805;1409841962.425899068;1409841962.363598827;1596407;-1;1;0;3
2;0;797;805;1409841962.426731157;1409841962.363609792;1596407;-1;1;0;3
2;0;798;805;1409841962.427558986;1409841962.363619989;1596407;-1;1;0;3
2;0;799;805;1409841962.428409653;1409841962.363630046;1596407;-1;1;0;3
2;0;800;805;1409841962.429236294;1409841962.363640243;1596407;-1;1;0;3
2;0;801;805;1409841962.430065520;1409841962.395021329;1596407;-1;1;0;3
2;0;802;805;1409841962.430903825;1409841962.395045983;1596407;-1;1;0;3
2;0;803;805;1409841962.431740663;1409841962.395055830;1596407;-1;1;0;3
2;0;804;805;1409841962.432577431;1409841962.395064351;1596407;-1;1;0;3
