train_id;train_send_countid;paket_id;count_pakets_in_train;recv_time;send_time;recv_data_rate;recv_timeout_wait;last_recv_train_id;last_recv_train_send_countid;last_recv_paket_id


0;0;0;2;1409841783.988229790;1409841783.986893098;8000;-1;0;0;0
0;0;1;2;1409841783.989369670;1409841783.986941079;8000;-1;0;0;0
2;0;0;877;1409841783.993291607;1409841783.992005829;2471391;-1;1;0;1
2;0;1;877;1409841783.994474369;1409841783.992043962;2471391;-1;1;0;1
2;0;2;877;1409841783.995618160;1409841783.992058978;2471391;-1;1;0;1
2;0;3;877;1409841783.998686427;1409841783.992072178;2471391;-1;1;0;1
2;0;4;877;1409841783.998694668;1409841783.992084470;2471391;-1;1;0;1
2;0;5;877;1409841783.999079354;1409841783.992101372;2471391;-1;1;0;1
2;0;6;877;1409841784.239278;1409841783.992116178;2471391;-1;1;0;1
2;0;7;877;1409841784.1396548;1409841783.992155080;2471391;-1;1;0;1
2;0;8;877;1409841784.2556612;1409841783.992169258;2471391;-1;1;0;1
2;0;9;877;1409841784.3743215;1409841783.992182737;2471391;-1;1;0;1
2;0;10;877;1409841784.4882606;1409841783.992195308;2471391;-1;1;0;1
2;0;11;877;1409841784.6052867;1409841783.992207950;2471391;-1;1;0;1
2;0;12;877;1409841784.7222499;1409841783.992241054;2471391;-1;1;0;1
2;0;13;877;1409841784.9962512;1409841783.992254604;2471391;-1;1;0;1
2;0;14;877;1409841784.9970055;1409841783.992267105;2471391;-1;1;0;1
2;0;15;877;1409841784.10654779;1409841783.992280724;2471391;-1;1;0;1
2;0;16;877;1409841784.11842849;1409841783.992293366;2471391;-1;1;0;1
2;0;17;877;1409841784.12969389;1409841783.992305937;2471391;-1;1;0;1
2;0;18;877;1409841784.14130989;1409841783.992319556;2471391;-1;1;0;1
2;0;19;877;1409841784.15278272;1409841783.992331918;2471391;-1;1;0;1
2;0;20;877;1409841784.16474094;1409841783.992345607;2471391;-1;1;0;1
2;0;21;877;1409841784.17596024;1409841783.992358178;2471391;-1;1;0;1
2;0;22;877;1409841784.18756018;1409841783.992370889;2471391;-1;1;0;1
2;0;23;877;1409841784.19913777;1409841783.992382832;2471391;-1;1;0;1
2;0;24;877;1409841784.21072305;1409841783.992395054;2471391;-1;1;0;1
2;0;25;877;1409841784.22226851;1409841783.992407416;2471391;-1;1;0;1
2;0;26;877;1409841784.23417505;1409841783.992420407;2471391;-1;1;0;1
2;0;27;877;1409841784.24588743;1409841783.992432978;2471391;-1;1;0;1
2;0;28;877;1409841784.25700058;1409841783.992445340;2471391;-1;1;0;1
2;0;29;877;1409841784.26892737;1409841783.992458121;2471391;-1;1;0;1
2;0;30;877;1409841784.28044350;1409841783.992470762;2471391;-1;1;0;1
2;0;31;877;1409841784.29199036;1409841783.992482845;2471391;-1;1;0;1
2;0;32;877;1409841784.30371671;1409841783.992496464;2471391;-1;1;0;1
2;0;33;877;1409841784.31518954;1409841783.992509035;2471391;-1;1;0;1
2;0;34;877;1409841784.32726091;1409841783.992521327;2471391;-1;1;0;1
2;0;35;877;1409841784.33881894;1409841783.992534248;2471391;-1;1;0;1
2;0;36;877;1409841784.34962618;1409841783.992548007;2471391;-1;1;0;1
2;0;37;877;1409841784.36201044;1409841783.992560508;2471391;-1;1;0;1
2;0;38;877;1409841784.37352866;1409841783.992574616;2471391;-1;1;0;1
2;0;39;877;1409841784.38468232;1409841783.992586908;2471391;-1;1;0;1
2;0;40;877;1409841784.39631788;1409841783.992599061;2471391;-1;1;0;1
2;0;41;877;1409841784.40827889;1409841783.992615683;2471391;-1;1;0;1
2;0;42;877;1409841784.41984251;1409841783.992629442;2471391;-1;1;0;1
2;0;43;877;1409841784.43142429;1409841783.992642642;2471391;-1;1;0;1
2;0;44;877;1409841784.44298303;1409841783.992656191;2471391;-1;1;0;1
2;0;45;877;1409841784.45421700;1409841783.992669461;2471391;-1;1;0;1
2;0;46;877;1409841784.46568424;1409841783.992683080;2471391;-1;1;0;1
2;0;47;877;1409841784.47770253;1409841783.992695721;2471391;-1;1;0;1
2;0;48;877;1409841784.48845110;1409841783.992709131;2471391;-1;1;0;1
2;0;49;877;1409841784.50103510;1409841783.992722470;2471391;-1;1;0;1
2;0;50;877;1409841784.51292069;1409841783.992735740;2471391;-1;1;0;1
2;0;51;877;1409841784.52443961;1409841783.992748661;2471391;-1;1;0;1
2;0;52;877;1409841784.53533066;1409841783.992762978;2471391;-1;1;0;1
2;0;53;877;1409841784.54815143;1409841783.992775899;2471391;-1;1;0;1
2;0;54;877;1409841784.55929042;1409841783.992787562;2471391;-1;1;0;1
2;0;55;877;1409841784.57146026;1409841783.992798597;2471391;-1;1;0;1
2;0;56;877;1409841784.58291702;1409841783.992855518;2471391;-1;1;0;1
2;0;57;877;1409841784.59358737;1409841783.992870115;2471391;-1;1;0;1
2;0;58;877;1409841784.60512027;1409841783.992881010;2471391;-1;1;0;1
2;0;59;877;1409841784.61654560;1409841783.992891696;2471391;-1;1;0;1
2;0;60;877;1409841784.62921271;1409841783.992904337;2471391;-1;1;0;1
2;0;61;877;1409841784.64070580;1409841783.992915232;2471391;-1;1;0;1
2;0;62;877;1409841784.65232320;1409841783.992926058;2471391;-1;1;0;1
2;0;63;877;1409841784.66382536;1409841783.992936534;2471391;-1;1;0;1
2;0;64;877;1409841784.67540784;1409841783.992947359;2471391;-1;1;0;1
2;0;65;877;1409841784.68694422;1409841783.992958883;2471391;-1;1;0;1
2;0;66;877;1409841784.69856511;1409841783.992969569;2471391;-1;1;0;1
2;0;67;877;1409841784.71011895;1409841783.992981232;2471391;-1;1;0;1
2;0;68;877;1409841784.72179013;1409841783.992992407;2471391;-1;1;0;1
2;0;69;877;1409841784.73207915;1409841783.993003162;2471391;-1;1;0;1
2;0;70;877;1409841784.74416379;1409841783.993014966;2471391;-1;1;0;1
2;0;71;877;1409841784.75522944;1409841783.993026001;2471391;-1;1;0;1
2;0;72;877;1409841784.76722747;1409841783.993037385;2471391;-1;1;0;1
2;0;73;877;1409841784.77961452;1409841783.993048070;2471391;-1;1;0;1
2;0;74;877;1409841784.79115579;1409841783.993059943;2471391;-1;1;0;1
2;0;75;877;1409841784.80262234;1409841783.993064553;2471391;-1;1;0;1
2;0;76;877;1409841784.81375294;1409841783.993069651;2471391;-1;1;0;1
2;0;77;877;1409841784.82467752;1409841783.993082363;2471391;-1;1;0;1
2;0;78;877;1409841784.83752063;1409841783.993087531;2471391;-1;1;0;1
2;0;79;877;1409841784.84912895;1409841784.36236244;2471391;-1;1;0;1
2;0;80;877;1409841784.85984400;1409841784.36255590;2471391;-1;1;0;1
2;0;81;877;1409841784.87140832;1409841784.36264600;2471391;-1;1;0;1
2;0;82;877;1409841784.88314096;1409841784.36273120;2471391;-1;1;0;1
2;0;83;877;1409841784.89538134;1409841784.36281641;2471391;-1;1;0;1
2;0;84;877;1409841784.90687721;1409841784.36290161;2471391;-1;1;0;1
2;0;85;877;1409841784.91847366;1409841784.36298403;2471391;-1;1;0;1
2;0;86;877;1409841784.93010014;1409841784.36306714;2471391;-1;1;0;1
2;0;87;877;1409841784.94164420;1409841784.36314885;2471391;-1;1;0;1
2;0;88;877;1409841784.95318827;1409841784.36323336;2471391;-1;1;0;1
2;0;89;877;1409841784.96476446;1409841784.36331717;2471391;-1;1;0;1
2;0;90;877;1409841784.97545297;1409841784.36340796;2471391;-1;1;0;1
2;0;91;877;1409841784.99496733;1409841784.36354695;2471391;-1;1;0;1
2;0;92;877;1409841784.99799704;1409841784.36358885;2471391;-1;1;0;1
2;0;93;877;1409841784.101042250;1409841784.36363076;2471391;-1;1;0;1
2;0;94;877;1409841784.102208251;1409841784.36367057;2471391;-1;1;0;1
2;0;95;877;1409841784.103444930;1409841784.36370898;2471391;-1;1;0;1
2;0;96;877;1409841784.104584600;1409841784.36375927;2471391;-1;1;0;1
2;0;97;877;1409841784.105742639;1409841784.36380187;2471391;-1;1;0;1
2;0;98;877;1409841784.106896626;1409841784.36384168;2471391;-1;1;0;1
2;0;99;877;1409841784.108048798;1409841784.36388428;2471391;-1;1;0;1
2;0;100;877;1409841784.109213890;1409841784.36392828;2471391;-1;1;0;1
2;0;101;877;1409841784.110405522;1409841784.36396879;2471391;-1;1;0;1
2;0;102;877;1409841784.111479891;1409841784.36401000;2471391;-1;1;0;1
2;0;103;877;1409841784.112571300;1409841784.36405050;2471391;-1;1;0;1
2;0;104;877;1409841784.113765237;1409841784.36409101;2471391;-1;1;0;1
2;0;105;877;1409841784.114928583;1409841784.36413012;2471391;-1;1;0;1
2;0;106;877;1409841784.116091650;1409841784.36416993;2471391;-1;1;0;1
2;0;107;877;1409841784.117237816;1409841784.36421323;2471391;-1;1;0;1
2;0;108;877;1409841784.118481130;1409841784.36425444;2471391;-1;1;0;1
2;0;109;877;1409841784.119627505;1409841784.36429704;2471391;-1;1;0;1
2;0;110;877;1409841784.120789105;1409841784.36434314;2471391;-1;1;0;1
2;0;111;877;1409841784.121943931;1409841784.36438714;2471391;-1;1;0;1
2;0;112;877;1409841784.123098547;1409841784.36442904;2471391;-1;1;0;1
2;0;113;877;1409841784.124253163;1409841784.36446955;2471391;-1;1;0;1
2;0;114;877;1409841784.125358681;1409841784.36451355;2471391;-1;1;0;1
2;0;115;877;1409841784.126454770;1409841784.36455406;2471391;-1;1;0;1
2;0;116;877;1409841784.127739779;1409841784.36460574;2471391;-1;1;0;1
2;0;117;877;1409841784.128894815;1409841784.80296456;2471391;-1;1;0;1
2;0;118;877;1409841784.130051107;1409841784.80329002;2471391;-1;1;0;1
2;0;119;877;1409841784.131203209;1409841784.80342761;2471391;-1;1;0;1
2;0;120;877;1409841784.132387857;1409841784.80356869;2471391;-1;1;0;1
2;0;121;877;1409841784.133428352;1409841784.80369789;2471391;-1;1;0;1
2;0;122;877;1409841784.134547628;1409841784.80382989;2471391;-1;1;0;1
2;0;123;877;1409841784.135908206;1409841784.80395421;2471391;-1;1;0;1
2;0;124;877;1409841784.137198105;1409841784.80407364;2471391;-1;1;0;1
2;0;125;877;1409841784.138057223;1409841784.80420005;2471391;-1;1;0;1
2;0;126;877;1409841784.139227972;1409841784.80432297;2471391;-1;1;0;1
2;0;127;877;1409841784.140435249;1409841784.80444869;2471391;-1;1;0;1
2;0;128;877;1409841784.141582252;1409841784.80458418;2471391;-1;1;0;1
2;0;129;877;1409841784.142740500;1409841784.80470919;2471391;-1;1;0;1
2;0;130;877;1409841784.143894837;1409841784.80481954;2471391;-1;1;0;1
2;0;131;877;1409841784.144986875;1409841784.80492780;2471391;-1;1;0;1
2;0;132;877;1409841784.146219504;1409841784.80503884;2471391;-1;1;0;1
2;0;133;877;1409841784.147390742;1409841784.80514989;2471391;-1;1;0;1
2;0;134;877;1409841784.148452609;1409841784.80525535;2471391;-1;1;0;1
2;0;135;877;1409841784.149567625;1409841784.80537129;2471391;-1;1;0;1
2;0;136;877;1409841784.150788521;1409841784.80547815;2471391;-1;1;0;1
2;0;137;877;1409841784.151931962;1409841784.80558361;2471391;-1;1;0;1
2;0;138;877;1409841784.153174648;1409841784.80568627;2471391;-1;1;0;1
2;0;139;877;1409841784.154315645;1409841784.80579662;2471391;-1;1;0;1
2;0;140;877;1409841784.155381423;1409841784.80590837;2471391;-1;1;0;1
2;0;141;877;1409841784.156635563;1409841784.80602011;2471391;-1;1;0;1
2;0;142;877;1409841784.157791297;1409841784.80612558;2471391;-1;1;0;1
2;0;143;877;1409841784.158946262;1409841784.80622824;2471391;-1;1;0;1
2;0;144;877;1409841784.160026357;1409841784.80633300;2471391;-1;1;0;1
2;0;145;877;1409841784.161218688;1409841784.80643567;2471391;-1;1;0;1
2;0;146;877;1409841784.162376516;1409841784.80654811;2471391;-1;1;0;1
2;0;147;877;1409841784.163502218;1409841784.80666056;2471391;-1;1;0;1
2;0;148;877;1409841784.164779406;1409841784.80677300;2471391;-1;1;0;1
2;0;149;877;1409841784.165931298;1409841784.80689732;2471391;-1;1;0;1
2;0;150;877;1409841784.167084936;1409841784.80702234;2471391;-1;1;0;1
2;0;151;877;1409841784.168234035;1409841784.80712500;2471391;-1;1;0;1
2;0;152;877;1409841784.169340740;1409841784.80722977;2471391;-1;1;0;1
2;0;153;877;1409841784.170560029;1409841784.80732964;2471391;-1;1;0;1
2;0;154;877;1409841784.171713248;1409841784.80743091;2471391;-1;1;0;1
2;0;155;877;1409841784.172880296;1409841784.124281099;2471391;-1;1;0;1
2;0;156;877;1409841784.174029116;1409841784.124333480;2471391;-1;1;0;1
2;0;157;877;1409841784.175406176;1409841784.124352687;2471391;-1;1;0;1
2;0;158;877;1409841784.176286386;1409841784.124366026;2471391;-1;1;0;1
2;0;159;877;1409841784.177432272;1409841784.124378179;2471391;-1;1;0;1
2;0;160;877;1409841784.178660501;1409841784.124391379;2471391;-1;1;0;1
2;0;161;877;1409841784.179820914;1409841784.124404579;2471391;-1;1;0;1
2;0;162;877;1409841784.180977136;1409841784.124416801;2471391;-1;1;0;1
2;0;163;877;1409841784.182127981;1409841784.124429722;2471391;-1;1;0;1
2;0;164;877;1409841784.183285879;1409841784.124442153;2471391;-1;1;0;1
2;0;165;877;1409841784.184446153;1409841784.124455982;2471391;-1;1;0;1
2;0;166;877;1409841784.185511302;1409841784.124470998;2471391;-1;1;0;1
2;0;167;877;1409841784.186626039;1409841784.124483499;2471391;-1;1;0;1
2;0;168;877;1409841784.187841696;1409841784.124495652;2471391;-1;1;0;1
2;0;169;877;1409841784.189083963;1409841784.124508503;2471391;-1;1;0;1
2;0;170;877;1409841784.190232363;1409841784.124519887;2471391;-1;1;0;1
2;0;171;877;1409841784.191392986;1409841784.124530223;2471391;-1;1;0;1
2;0;172;877;1409841784.192544668;1409841784.124540769;2471391;-1;1;0;1
2;0;173;877;1409841784.193707316;1409841784.124551385;2471391;-1;1;0;1
2;0;174;877;1409841784.194864237;1409841784.124562001;2471391;-1;1;0;1
2;0;175;877;1409841784.195951596;1409841784.124572338;2471391;-1;1;0;1
2;0;176;877;1409841784.197149095;1409841784.124583442;2471391;-1;1;0;1
2;0;177;877;1409841784.198263622;1409841784.124593988;2471391;-1;1;0;1
2;0;178;877;1409841784.199379476;1409841784.124604604;2471391;-1;1;0;1
2;0;179;877;1409841784.200532626;1409841784.124615011;2471391;-1;1;0;1
2;0;180;877;1409841784.201804156;1409841784.124626255;2471391;-1;1;0;1
2;0;181;877;1409841784.202955769;1409841784.124637150;2471391;-1;1;0;1
2;0;182;877;1409841784.204114575;1409841784.124647696;2471391;-1;1;0;1
2;0;183;877;1409841784.205273522;1409841784.124659569;2471391;-1;1;0;1
2;0;184;877;1409841784.206336506;1409841784.124669976;2471391;-1;1;0;1
2;0;185;877;1409841784.207477503;1409841784.124680242;2471391;-1;1;0;1
2;0;186;877;1409841784.208626881;1409841784.124692046;2471391;-1;1;0;1
2;0;187;877;1409841784.209773745;1409841784.124703360;2471391;-1;1;0;1
2;0;188;877;1409841784.210936742;1409841784.124717049;2471391;-1;1;0;1
2;0;189;877;1409841784.212444825;1409841784.124728014;2471391;-1;1;0;1
2;0;190;877;1409841784.213233892;1409841784.124738560;2471391;-1;1;0;1
2;0;191;877;1409841784.214441028;1409841784.124749246;2471391;-1;1;0;1
2;0;192;877;1409841784.215676102;1409841784.124760071;2471391;-1;1;0;1
2;0;193;877;1409841784.216854324;1409841784.168254429;2471391;-1;1;0;1
2;0;194;877;1409841784.217973181;1409841784.168285787;2471391;-1;1;0;1
2;0;195;877;1409841784.219138344;1409841784.168299127;2471391;-1;1;0;1
2;0;196;877;1409841784.220293169;1409841784.168311978;2471391;-1;1;0;1
2;0;197;877;1409841784.221457144;1409841784.168323921;2471391;-1;1;0;1
2;0;198;877;1409841784.222607430;1409841784.168337889;2471391;-1;1;0;1
2;0;199;877;1409841784.223765608;1409841784.168349902;2471391;-1;1;0;1
2;0;200;877;1409841784.224928116;1409841784.168362892;2471391;-1;1;0;1
2;0;201;877;1409841784.226081824;1409841784.168375603;2471391;-1;1;0;1
2;0;202;877;1409841784.227240631;1409841784.168387826;2471391;-1;1;0;1
2;0;203;877;1409841784.228394688;1409841784.168400187;2471391;-1;1;0;1
2;0;204;877;1409841784.229556498;1409841784.168413667;2471391;-1;1;0;1
2;0;205;877;1409841784.230712860;1409841784.168426238;2471391;-1;1;0;1
2;0;206;877;1409841784.231869990;1409841784.168437273;2471391;-1;1;0;1
2;0;207;877;1409841784.233028099;1409841784.168448168;2471391;-1;1;0;1
2;0;208;877;1409841784.234182924;1409841784.168458645;2471391;-1;1;0;1
2;0;209;877;1409841784.235262531;1409841784.168469889;2471391;-1;1;0;1
2;0;210;877;1409841784.236432652;1409841784.168480924;2471391;-1;1;0;1
2;0;211;877;1409841784.237570157;1409841784.168492168;2471391;-1;1;0;1
2;0;212;877;1409841784.238737833;1409841784.168502645;2471391;-1;1;0;1
2;0;213;877;1409841784.239874989;1409841784.168513191;2471391;-1;1;0;1
2;0;214;877;1409841784.241091484;1409841784.168524435;2471391;-1;1;0;1
2;0;215;877;1409841784.242298831;1409841784.168534841;2471391;-1;1;0;1
2;0;216;877;1409841784.243444786;1409841784.168546016;2471391;-1;1;0;1
2;0;217;877;1409841784.244596958;1409841784.168557330;2471391;-1;1;0;1
2;0;218;877;1409841784.245755834;1409841784.168568784;2471391;-1;1;0;1
2;0;219;877;1409841784.246883073;1409841784.168579261;2471391;-1;1;0;1
2;0;220;877;1409841784.248079384;1409841784.168589457;2471391;-1;1;0;1
2;0;221;877;1409841784.249149003;1409841784.168600562;2471391;-1;1;0;1
2;0;222;877;1409841784.250350623;1409841784.168611597;2471391;-1;1;0;1
2;0;223;877;1409841784.251470597;1409841784.168621654;2471391;-1;1;0;1
2;0;224;877;1409841784.252744433;1409841784.168632549;2471391;-1;1;0;1
2;0;225;877;1409841784.253820407;1409841784.168646168;2471391;-1;1;0;1
2;0;226;877;1409841784.255055760;1409841784.168657134;2471391;-1;1;0;1
2;0;227;877;1409841784.256204370;1409841784.168668029;2471391;-1;1;0;1
2;0;228;877;1409841784.257300808;1409841784.168678365;2471391;-1;1;0;1
2;0;229;877;1409841784.258443481;1409841784.168688842;2471391;-1;1;0;1
2;0;230;877;1409841784.259688193;1409841784.168699388;2471391;-1;1;0;1
2;0;231;877;1409841784.260764517;1409841784.212116012;2471391;-1;1;0;1
2;0;232;877;1409841784.261918434;1409841784.212135148;2471391;-1;1;0;1
2;0;233;877;1409841784.263090232;1409841784.212143879;2471391;-1;1;0;1
2;0;234;877;1409841784.264322371;1409841784.212152329;2471391;-1;1;0;1
2;0;235;877;1409841784.265478175;1409841784.212170488;2471391;-1;1;0;1
2;0;236;877;1409841784.266629858;1409841784.212180615;2471391;-1;1;0;1
2;0;237;877;1409841784.267783705;1409841784.212189485;2471391;-1;1;0;1
2;0;238;877;1409841784.268945934;1409841784.212198145;2471391;-1;1;0;1
2;0;239;877;1409841784.270106696;1409841784.212206736;2471391;-1;1;0;1
2;0;240;877;1409841784.271258728;1409841784.212215955;2471391;-1;1;0;1
2;0;241;877;1409841784.272412017;1409841784.212224475;2471391;-1;1;0;1
2;0;242;877;1409841784.273574316;1409841784.212233974;2471391;-1;1;0;1
2;0;243;877;1409841784.274727815;1409841784.212242285;2471391;-1;1;0;1
2;0;244;877;1409841784.275884945;1409841784.212249968;2471391;-1;1;0;1
2;0;245;877;1409841784.277048641;1409841784.212257441;2471391;-1;1;0;1
2;0;246;877;1409841784.278200673;1409841784.212264704;2471391;-1;1;0;1
2;0;247;877;1409841784.279358990;1409841784.212272037;2471391;-1;1;0;1
2;0;248;877;1409841784.280516400;1409841784.212279720;2471391;-1;1;0;1
2;0;249;877;1409841784.281677232;1409841784.212287472;2471391;-1;1;0;1
2;0;250;877;1409841784.282830800;1409841784.212295295;2471391;-1;1;0;1
2;0;251;877;1409841784.283983950;1409841784.212303117;2471391;-1;1;0;1
2;0;252;877;1409841784.285080598;1409841784.212311009;2471391;-1;1;0;1
2;0;253;877;1409841784.286171798;1409841784.212319110;2471391;-1;1;0;1
2;0;254;877;1409841784.287386338;1409841784.212327072;2471391;-1;1;0;1
2;0;255;877;1409841784.288507570;1409841784.212334615;2471391;-1;1;0;1
2;0;256;877;1409841784.289657227;1409841784.212341949;2471391;-1;1;0;1
2;0;257;877;1409841784.290809608;1409841784.212350399;2471391;-1;1;0;1
2;0;258;877;1409841784.291965202;1409841784.212358012;2471391;-1;1;0;1
2;0;259;877;1409841784.293127012;1409841784.212365415;2471391;-1;1;0;1
2;0;260;877;1409841784.294279673;1409841784.212374076;2471391;-1;1;0;1
2;0;261;877;1409841784.295436314;1409841784.212381688;2471391;-1;1;0;1
2;0;262;877;1409841784.296593933;1409841784.212388812;2471391;-1;1;0;1
2;0;263;877;1409841784.297801000;1409841784.212396145;2471391;-1;1;0;1
2;0;264;877;1409841784.298905610;1409841784.212403339;2471391;-1;1;0;1
2;0;265;877;1409841784.300073566;1409841784.212410393;2471391;-1;1;0;1
2;0;266;877;1409841784.301272741;1409841784.212417656;2471391;-1;1;0;1
2;0;267;877;1409841784.302407801;1409841784.212425199;2471391;-1;1;0;1
2;0;268;877;1409841784.303645459;1409841784.212432882;2471391;-1;1;0;1
2;0;269;877;1409841784.304845681;1409841784.256231957;2471391;-1;1;0;1
2;0;270;877;1409841784.305979135;1409841784.256266249;2471391;-1;1;0;1
2;0;271;877;1409841784.307156310;1409841784.256280287;2471391;-1;1;0;1
2;0;272;877;1409841784.308410240;1409841784.256293068;2471391;-1;1;0;1
2;0;273;877;1409841784.309559479;1409841784.256305500;2471391;-1;1;0;1
2;0;274;877;1409841784.310619111;1409841784.256319119;2471391;-1;1;0;1
2;0;275;877;1409841784.311791047;1409841784.256331551;2471391;-1;1;0;1
2;0;276;877;1409841784.312967803;1409841784.256343703;2471391;-1;1;0;1
2;0;277;877;1409841784.314196661;1409841784.256356973;2471391;-1;1;0;1
2;0;278;877;1409841784.315337448;1409841784.256370033;2471391;-1;1;0;1
2;0;279;877;1409841784.316505055;1409841784.256384491;2471391;-1;1;0;1
2;0;280;877;1409841784.317664420;1409841784.256396992;2471391;-1;1;0;1
2;0;281;877;1409841784.318810516;1409841784.256408376;2471391;-1;1;0;1
2;0;282;877;1409841784.319977144;1409841784.256418852;2471391;-1;1;0;1
2;0;283;877;1409841784.321128548;1409841784.256430097;2471391;-1;1;0;1
2;0;284;877;1409841784.322278345;1409841784.256442598;2471391;-1;1;0;1
2;0;285;877;1409841784.323436383;1409841784.256453284;2471391;-1;1;0;1
2;0;286;877;1409841784.324600148;1409841784.256463970;2471391;-1;1;0;1
2;0;287;877;1409841784.325760212;1409841784.256474237;2471391;-1;1;0;1
2;0;288;877;1409841784.326912035;1409841784.256484503;2471391;-1;1;0;1
2;0;289;877;1409841784.328073146;1409841784.256494630;2471391;-1;1;0;1
2;0;290;877;1409841784.329231533;1409841784.256505665;2471391;-1;1;0;1
2;0;291;877;1409841784.330386010;1409841784.256516281;2471391;-1;1;0;1
2;0;292;877;1409841784.331539508;1409841784.256526618;2471391;-1;1;0;1
2;0;293;877;1409841784.332697896;1409841784.256536884;2471391;-1;1;0;1
2;0;294;877;1409841784.333865014;1409841784.256548967;2471391;-1;1;0;1
2;0;295;877;1409841784.334921922;1409841784.256560351;2471391;-1;1;0;1
2;0;296;877;1409841784.336032538;1409841784.256570827;2471391;-1;1;0;1
2;0;297;877;1409841784.337260278;1409841784.256581373;2471391;-1;1;0;1
2;0;298;877;1409841784.338427954;1409841784.256592827;2471391;-1;1;0;1
2;0;299;877;1409841784.339674551;1409841784.256603233;2471391;-1;1;0;1
2;0;300;877;1409841784.340759047;1409841784.256614408;2471391;-1;1;0;1
2;0;301;877;1409841784.341901650;1409841784.256624745;2471391;-1;1;0;1
2;0;302;877;1409841784.343125270;1409841784.256635151;2471391;-1;1;0;1
2;0;303;877;1409841784.344270038;1409841784.256647094;2471391;-1;1;0;1
2;0;304;877;1409841784.345388337;1409841784.256658478;2471391;-1;1;0;1
2;0;305;877;1409841784.346476324;1409841784.256669443;2471391;-1;1;0;1
2;0;306;877;1409841784.347630242;1409841784.256680548;2471391;-1;1;0;1
2;0;307;877;1409841784.348850020;1409841784.301314576;2471391;-1;1;0;1
2;0;308;877;1409841784.349948623;1409841784.301339649;2471391;-1;1;0;1
2;0;309;877;1409841784.351148427;1409841784.301352918;2471391;-1;1;0;1
2;0;310;877;1409841784.352303881;1409841784.301365350;2471391;-1;1;0;1
2;0;311;877;1409841784.353554668;1409841784.301377503;2471391;-1;1;0;1
2;0;312;877;1409841784.354694688;1409841784.301389306;2471391;-1;1;0;1
2;0;313;877;1409841784.355854123;1409841784.301416474;2471391;-1;1;0;1
2;0;314;877;1409841784.357014047;1409841784.301430722;2471391;-1;1;0;1
2;0;315;877;1409841784.358172015;1409841784.301443223;2471391;-1;1;0;1
2;0;316;877;1409841784.359323489;1409841784.301455515;2471391;-1;1;0;1
2;0;317;877;1409841784.360475032;1409841784.301467668;2471391;-1;1;0;1
2;0;318;877;1409841784.361560575;1409841784.301480169;2471391;-1;1;0;1
2;0;319;877;1409841784.362729369;1409841784.301492112;2471391;-1;1;0;1
2;0;320;877;1409841784.363965699;1409841784.301502728;2471391;-1;1;0;1
2;0;321;877;1409841784.365119267;1409841784.301513763;2471391;-1;1;0;1
2;0;322;877;1409841784.366267668;1409841784.301524169;2471391;-1;1;0;1
2;0;323;877;1409841784.367421655;1409841784.301534366;2471391;-1;1;0;1
2;0;324;877;1409841784.368584024;1409841784.301545611;2471391;-1;1;0;1
2;0;325;877;1409841784.369750024;1409841784.301555947;2471391;-1;1;0;1
2;0;326;877;1409841784.370893186;1409841784.301566144;2471391;-1;1;0;1
2;0;327;877;1409841784.372051783;1409841784.301578017;2471391;-1;1;0;1
2;0;328;877;1409841784.373248723;1409841784.301589401;2471391;-1;1;0;1
2;0;329;877;1409841784.374369676;1409841784.301601134;2471391;-1;1;0;1
2;0;330;877;1409841784.375532044;1409841784.301612169;2471391;-1;1;0;1
2;0;331;877;1409841784.376683098;1409841784.301622715;2471391;-1;1;0;1
2;0;332;877;1409841784.377755930;1409841784.301634169;2471391;-1;1;0;1
2;0;333;877;1409841784.379001759;1409841784.301644715;2471391;-1;1;0;1
2;0;334;877;1409841784.380157213;1409841784.301654912;2471391;-1;1;0;1
2;0;335;877;1409841784.381318534;1409841784.301665179;2471391;-1;1;0;1
2;0;336;877;1409841784.382469728;1409841784.301675445;2471391;-1;1;0;1
2;0;337;877;1409841784.383628116;1409841784.301685503;2471391;-1;1;0;1
2;0;338;877;1409841784.384786014;1409841784.301695769;2471391;-1;1;0;1
2;0;339;877;1409841784.385865132;1409841784.301705757;2471391;-1;1;0;1
2;0;340;877;1409841784.387029246;1409841784.301716372;2471391;-1;1;0;1
2;0;341;877;1409841784.388196015;1409841784.301727338;2471391;-1;1;0;1
2;0;342;877;1409841784.389293291;1409841784.301737674;2471391;-1;1;0;1
2;0;343;877;1409841784.390452307;1409841784.301747871;2471391;-1;1;0;1
2;0;344;877;1409841784.391739203;1409841784.301758417;2471391;-1;1;0;1
2;0;345;877;1409841784.392892282;1409841784.344299092;2471391;-1;1;0;1
2;0;346;877;1409841784.394047318;1409841784.344330800;2471391;-1;1;0;1
2;0;347;877;1409841784.395198721;1409841784.344343930;2471391;-1;1;0;1
2;0;348;877;1409841784.396358016;1409841784.344356851;2471391;-1;1;0;1
2;0;349;877;1409841784.397711610;1409841784.344369981;2471391;-1;1;0;1
2;0;350;877;1409841784.398525192;1409841784.344382413;2471391;-1;1;0;1
2;0;351;877;1409841784.399686023;1409841784.344394565;2471391;-1;1;0;1
2;0;352;877;1409841784.400936322;1409841784.344406787;2471391;-1;1;0;1
2;0;353;877;1409841784.402095548;1409841784.344419009;2471391;-1;1;0;1
2;0;354;877;1409841784.403324335;1409841784.344433257;2471391;-1;1;0;1
2;0;355;877;1409841784.404472177;1409841784.344445619;2471391;-1;1;0;1
2;0;356;877;1409841784.405624698;1409841784.344459587;2471391;-1;1;0;1
2;0;357;877;1409841784.406780222;1409841784.344472019;2471391;-1;1;0;1
2;0;358;877;1409841784.407938051;1409841784.344483054;2471391;-1;1;0;1
2;0;359;877;1409841784.409100978;1409841784.344493949;2471391;-1;1;0;1
2;0;360;877;1409841784.410183937;1409841784.344505473;2471391;-1;1;0;1
2;0;361;877;1409841784.411371937;1409841784.344517276;2471391;-1;1;0;1
2;0;362;877;1409841784.412454197;1409841784.344528381;2471391;-1;1;0;1
2;0;363;877;1409841784.413742071;1409841784.344539276;2471391;-1;1;0;1
2;0;364;877;1409841784.414887468;1409841784.344551009;2471391;-1;1;0;1
2;0;365;877;1409841784.416036497;1409841784.344562254;2471391;-1;1;0;1
2;0;366;877;1409841784.417200262;1409841784.344572940;2471391;-1;1;0;1
2;0;367;877;1409841784.418354249;1409841784.344583556;2471391;-1;1;0;1
2;0;368;877;1409841784.419512707;1409841784.344594311;2471391;-1;1;0;1
2;0;369;877;1409841784.420671374;1409841784.344605765;2471391;-1;1;0;1
2;0;370;877;1409841784.421830529;1409841784.344617778;2471391;-1;1;0;1
2;0;371;877;1409841784.422976974;1409841784.344628533;2471391;-1;1;0;1
2;0;372;877;1409841784.424133616;1409841784.344638940;2471391;-1;1;0;1
2;0;373;877;1409841784.425217902;1409841784.344649486;2471391;-1;1;0;1
2;0;374;877;1409841784.426461495;1409841784.344660311;2471391;-1;1;0;1
2;0;375;877;1409841784.427619464;1409841784.344670648;2471391;-1;1;0;1
2;0;376;877;1409841784.428769820;1409841784.344681473;2471391;-1;1;0;1
2;0;377;877;1409841784.429930652;1409841784.344692927;2471391;-1;1;0;1
2;0;378;877;1409841784.431083801;1409841784.344703543;2471391;-1;1;0;1
2;0;379;877;1409841784.432235903;1409841784.344713949;2471391;-1;1;0;1
2;0;380;877;1409841784.433346798;1409841784.344725473;2471391;-1;1;0;1
2;0;381;877;1409841784.434442538;1409841784.344736997;2471391;-1;1;0;1
2;0;382;877;1409841784.435597015;1409841784.344748451;2471391;-1;1;0;1
2;0;383;877;1409841784.436836907;1409841784.388231005;2471391;-1;1;0;1
2;0;384;877;1409841784.437965961;1409841784.388257545;2471391;-1;1;0;1
2;0;385;877;1409841784.439205993;1409841784.388270815;2471391;-1;1;0;1
2;0;386;877;1409841784.440354673;1409841784.388283247;2471391;-1;1;0;1
2;0;387;877;1409841784.441505727;1409841784.388296936;2471391;-1;1;0;1
2;0;388;877;1409841784.442664743;1409841784.388308669;2471391;-1;1;0;1
2;0;389;877;1409841784.443821943;1409841784.388320472;2471391;-1;1;0;1
2;0;390;877;1409841784.444976490;1409841784.388332415;2471391;-1;1;0;1
2;0;391;877;1409841784.446130966;1409841784.388344428;2471391;-1;1;0;1
2;0;392;877;1409841784.447196255;1409841784.388374390;2471391;-1;1;0;1
2;0;393;877;1409841784.448376363;1409841784.388388567;2471391;-1;1;0;1
2;0;394;877;1409841784.449497106;1409841784.388401558;2471391;-1;1;0;1
2;0;395;877;1409841784.450653119;1409841784.388413361;2471391;-1;1;0;1
2;0;396;877;1409841784.451801450;1409841784.388423697;2471391;-1;1;0;1
2;0;397;877;1409841784.452955717;1409841784.388434174;2471391;-1;1;0;1
2;0;398;877;1409841784.454164320;1409841784.388444999;2471391;-1;1;0;1
2;0;399;877;1409841784.455406028;1409841784.388455405;2471391;-1;1;0;1
2;0;400;877;1409841784.456566371;1409841784.388466370;2471391;-1;1;0;1
2;0;401;877;1409841784.457599394;1409841784.388477126;2471391;-1;1;0;1
2;0;402;877;1409841784.458870575;1409841784.388487183;2471391;-1;1;0;1
2;0;403;877;1409841784.460024073;1409841784.388498218;2471391;-1;1;0;1
2;0;404;877;1409841784.461104378;1409841784.388508555;2471391;-1;1;0;1
2;0;405;877;1409841784.462257388;1409841784.388519729;2471391;-1;1;0;1
2;0;406;877;1409841784.463447623;1409841784.388531044;2471391;-1;1;0;1
2;0;407;877;1409841784.464662582;1409841784.388542218;2471391;-1;1;0;1
2;0;408;877;1409841784.465817408;1409841784.388553532;2471391;-1;1;0;1
2;0;409;877;1409841784.466966507;1409841784.388563939;2471391;-1;1;0;1
2;0;410;877;1409841784.468123986;1409841784.388574275;2471391;-1;1;0;1
2;0;411;877;1409841784.469288659;1409841784.388585171;2471391;-1;1;0;1
2;0;412;877;1409841784.470441320;1409841784.388595577;2471391;-1;1;0;1
2;0;413;877;1409841784.471594609;1409841784.388605704;2471391;-1;1;0;1
2;0;414;877;1409841784.472755581;1409841784.388617228;2471391;-1;1;0;1
2;0;415;877;1409841784.473913898;1409841784.388627424;2471391;-1;1;0;1
2;0;416;877;1409841784.475074242;1409841784.388637621;2471391;-1;1;0;1
2;0;417;877;1409841784.476222432;1409841784.388647748;2471391;-1;1;0;1
2;0;418;877;1409841784.477314750;1409841784.388658224;2471391;-1;1;0;1
2;0;419;877;1409841784.478452395;1409841784.388668142;2471391;-1;1;0;1
2;0;420;877;1409841784.479709468;1409841784.388678129;2471391;-1;1;0;1
2;0;421;877;1409841784.480862198;1409841784.432260278;2471391;-1;1;0;1
2;0;422;877;1409841784.482014929;1409841784.432292405;2471391;-1;1;0;1
2;0;423;877;1409841784.483165703;1409841784.432307630;2471391;-1;1;0;1
2;0;424;877;1409841784.484348745;1409841784.432320900;2471391;-1;1;0;1
2;0;425;877;1409841784.485383304;1409841784.432334030;2471391;-1;1;0;1
2;0;426;877;1409841784.486532193;1409841784.432346532;2471391;-1;1;0;1
2;0;427;877;1409841784.487733952;1409841784.432359382;2471391;-1;1;0;1
2;0;428;877;1409841784.488995635;1409841784.432372862;2471391;-1;1;0;1
2;0;429;877;1409841784.490135025;1409841784.432385782;2471391;-1;1;0;1
2;0;430;877;1409841784.491273927;1409841784.432398912;2471391;-1;1;0;1
2;0;431;877;1409841784.492432664;1409841784.432411414;2471391;-1;1;0;1
2;0;432;877;1409841784.493597337;1409841784.432426220;2471391;-1;1;0;1
2;0;433;877;1409841784.494746087;1409841784.432437954;2471391;-1;1;0;1
2;0;434;877;1409841784.495906569;1409841784.432448639;2471391;-1;1;0;1
2;0;435;877;1409841784.496982824;1409841784.432459186;2471391;-1;1;0;1
2;0;436;877;1409841784.498139744;1409841784.432469801;2471391;-1;1;0;1
2;0;437;877;1409841784.499262513;1409841784.432480417;2471391;-1;1;0;1
2;0;438;877;1409841784.500439758;1409841784.432491033;2471391;-1;1;0;1
2;0;439;877;1409841784.501710590;1409841784.432501439;2471391;-1;1;0;1
2;0;440;877;1409841784.502851447;1409841784.432513103;2471391;-1;1;0;1
2;0;441;877;1409841784.504008787;1409841784.432524906;2471391;-1;1;0;1
2;0;442;877;1409841784.505171365;1409841784.432535801;2471391;-1;1;0;1
2;0;443;877;1409841784.506318159;1409841784.432546278;2471391;-1;1;0;1
2;0;444;877;1409841784.507484578;1409841784.432557033;2471391;-1;1;0;1
2;0;445;877;1409841784.508641150;1409841784.432567579;2471391;-1;1;0;1
2;0;446;877;1409841784.509796115;1409841784.432579313;2471391;-1;1;0;1
2;0;447;877;1409841784.510910782;1409841784.432589859;2471391;-1;1;0;1
2;0;448;877;1409841784.512039906;1409841784.432601452;2471391;-1;1;0;1
2;0;449;877;1409841784.513277354;1409841784.432612138;2471391;-1;1;0;1
2;0;450;877;1409841784.514442446;1409841784.432622963;2471391;-1;1;0;1
2;0;451;877;1409841784.515585049;1409841784.432633090;2471391;-1;1;0;1
2;0;452;877;1409841784.516737640;1409841784.432643776;2471391;-1;1;0;1
2;0;453;877;1409841784.517901475;1409841784.432654601;2471391;-1;1;0;1
2;0;454;877;1409841784.519050923;1409841784.432665008;2471391;-1;1;0;1
2;0;455;877;1409841784.520203723;1409841784.432675135;2471391;-1;1;0;1
2;0;456;877;1409841784.521317622;1409841784.432685401;2471391;-1;1;0;1
2;0;457;877;1409841784.522445279;1409841784.432695738;2471391;-1;1;0;1
2;0;458;877;1409841784.523696067;1409841784.432707262;2471391;-1;1;0;1
2;0;459;877;1409841784.524851381;1409841784.476249531;2471391;-1;1;0;1
2;0;460;877;1409841784.525998944;1409841784.476281727;2471391;-1;1;0;1
2;0;461;877;1409841784.527156982;1409841784.476295696;2471391;-1;1;0;1
2;0;462;877;1409841784.528318722;1409841784.476308337;2471391;-1;1;0;1
2;0;463;877;1409841784.529474036;1409841784.476321816;2471391;-1;1;0;1
2;0;464;877;1409841784.530627186;1409841784.476334807;2471391;-1;1;0;1
2;0;465;877;1409841784.531786062;1409841784.476346959;2471391;-1;1;0;1
2;0;466;877;1409841784.532947732;1409841784.476359670;2471391;-1;1;0;1
2;0;467;877;1409841784.534101021;1409841784.476371334;2471391;-1;1;0;1
2;0;468;877;1409841784.535217155;1409841784.476383067;2471391;-1;1;0;1
2;0;469;877;1409841784.536312336;1409841784.476395010;2471391;-1;1;0;1
2;0;470;877;1409841784.537456266;1409841784.476408699;2471391;-1;1;0;1
2;0;471;877;1409841784.538620171;1409841784.476439499;2471391;-1;1;0;1
2;0;472;877;1409841784.539910140;1409841784.476453956;2471391;-1;1;0;1
2;0;473;877;1409841784.540956083;1409841784.476465480;2471391;-1;1;0;1
2;0;474;877;1409841784.542204566;1409841784.476475956;2471391;-1;1;0;1
2;0;475;877;1409841784.543363861;1409841784.476486642;2471391;-1;1;0;1
2;0;476;877;1409841784.544518896;1409841784.476497886;2471391;-1;1;0;1
2;0;477;877;1409841784.545681265;1409841784.476508293;2471391;-1;1;0;1
2;0;478;877;1409841784.546758497;1409841784.476519258;2471391;-1;1;0;1
2;0;479;877;1409841784.547951456;1409841784.476529594;2471391;-1;1;0;1
2;0;480;877;1409841784.549035602;1409841784.476540280;2471391;-1;1;0;1
2;0;481;877;1409841784.550162910;1409841784.476550547;2471391;-1;1;0;1
2;0;482;877;1409841784.551393374;1409841784.476560953;2471391;-1;1;0;1
2;0;483;877;1409841784.552495819;1409841784.476571150;2471391;-1;1;0;1
2;0;484;877;1409841784.553798568;1409841784.476582115;2471391;-1;1;0;1
2;0;485;877;1409841784.554935305;1409841784.476592521;2471391;-1;1;0;1
2;0;486;877;1409841784.556091737;1409841784.476603347;2471391;-1;1;0;1
2;0;487;877;1409841784.557167781;1409841784.476615569;2471391;-1;1;0;1
2;0;488;877;1409841784.558410817;1409841784.476627232;2471391;-1;1;0;1
2;0;489;877;1409841784.559565223;1409841784.476638756;2471391;-1;1;0;1
2;0;490;877;1409841784.560743516;1409841784.476650489;2471391;-1;1;0;1
2;0;491;877;1409841784.561844843;1409841784.476661315;2471391;-1;1;0;1
2;0;492;877;1409841784.562976202;1409841784.476672978;2471391;-1;1;0;1
2;0;493;877;1409841784.564204291;1409841784.476684642;2471391;-1;1;0;1
2;0;494;877;1409841784.565304151;1409841784.476695467;2471391;-1;1;0;1
2;0;495;877;1409841784.566450596;1409841784.476705874;2471391;-1;1;0;1
2;0;496;877;1409841784.567674145;1409841784.476717677;2471391;-1;1;0;1
2;0;497;877;1409841784.568849295;1409841784.520235012;2471391;-1;1;0;1
2;0;498;877;1409841784.569984984;1409841784.520268466;2471391;-1;1;0;1
2;0;499;877;1409841784.571138413;1409841784.520281736;2471391;-1;1;0;1
2;0;500;877;1409841784.572295124;1409841784.520294517;2471391;-1;1;0;1
2;0;501;877;1409841784.573463429;1409841784.520307298;2471391;-1;1;0;1
2;0;502;877;1409841784.574611899;1409841784.520321057;2471391;-1;1;0;1
2;0;503;877;1409841784.575767074;1409841784.520334047;2471391;-1;1;0;1
2;0;504;877;1409841784.576929582;1409841784.520346758;2471391;-1;1;0;1
2;0;505;877;1409841784.578092509;1409841784.520358841;2471391;-1;1;0;1
2;0;506;877;1409841784.579242935;1409841784.520371342;2471391;-1;1;0;1
2;0;507;877;1409841784.580398738;1409841784.520383216;2471391;-1;1;0;1
2;0;508;877;1409841784.581562574;1409841784.520397044;2471391;-1;1;0;1
2;0;509;877;1409841784.582716631;1409841784.520409336;2471391;-1;1;0;1
2;0;510;877;1409841784.583872085;1409841784.520420371;2471391;-1;1;0;1
2;0;511;877;1409841784.584923825;1409841784.520430917;2471391;-1;1;0;1
2;0;512;877;1409841784.586067476;1409841784.520441254;2471391;-1;1;0;1
2;0;513;877;1409841784.587265464;1409841784.520451660;2471391;-1;1;0;1
2;0;514;877;1409841784.588430835;1409841784.520463114;2471391;-1;1;0;1
2;0;515;877;1409841784.589661159;1409841784.520474708;2471391;-1;1;0;1
2;0;516;877;1409841784.590815217;1409841784.520486231;2471391;-1;1;0;1
2;0;517;877;1409841784.591973255;1409841784.520496847;2471391;-1;1;0;1
2;0;518;877;1409841784.593134506;1409841784.520508581;2471391;-1;1;0;1
2;0;519;877;1409841784.594291916;1409841784.520519616;2471391;-1;1;0;1
2;0;520;877;1409841784.595446043;1409841784.520530441;2471391;-1;1;0;1
2;0;521;877;1409841784.596528094;1409841784.520541965;2471391;-1;1;0;1
2;0;522;877;1409841784.597684875;1409841784.520553070;2471391;-1;1;0;1
2;0;523;877;1409841784.598800729;1409841784.520563336;2471391;-1;1;0;1
2;0;524;877;1409841784.599958279;1409841784.520574720;2471391;-1;1;0;1
2;0;525;877;1409841784.601167511;1409841784.520586174;2471391;-1;1;0;1
2;0;526;877;1409841784.602321638;1409841784.520596650;2471391;-1;1;0;1
2;0;527;877;1409841784.603440426;1409841784.520606777;2471391;-1;1;0;1
2;0;528;877;1409841784.604587499;1409841784.520617114;2471391;-1;1;0;1
2;0;529;877;1409841784.605811747;1409841784.520627660;2471391;-1;1;0;1
2;0;530;877;1409841784.607033760;1409841784.520638136;2471391;-1;1;0;1
2;0;531;877;1409841784.608108896;1409841784.520648752;2471391;-1;1;0;1
2;0;532;877;1409841784.609264350;1409841784.520658949;2471391;-1;1;0;1
2;0;533;877;1409841784.610432306;1409841784.520669285;2471391;-1;1;0;1
2;0;534;877;1409841784.611530281;1409841784.520679692;2471391;-1;1;0;1
2;0;535;877;1409841784.612731481;1409841784.564222659;2471391;-1;1;0;1
2;0;536;877;1409841784.613986529;1409841784.564254018;2471391;-1;1;0;1
2;0;537;877;1409841784.615128993;1409841784.564268754;2471391;-1;1;0;1
2;0;538;877;1409841784.616284657;1409841784.564282583;2471391;-1;1;0;1
2;0;539;877;1409841784.617442346;1409841784.564295015;2471391;-1;1;0;1
2;0;540;877;1409841784.618596473;1409841784.564307027;2471391;-1;1;0;1
2;0;541;877;1409841784.619754022;1409841784.564320856;2471391;-1;1;0;1
2;0;542;877;1409841784.620912759;1409841784.564334196;2471391;-1;1;0;1
2;0;543;877;1409841784.622072823;1409841784.564347116;2471391;-1;1;0;1
2;0;544;877;1409841784.623233725;1409841784.564359548;2471391;-1;1;0;1
2;0;545;877;1409841784.624384290;1409841784.564372399;2471391;-1;1;0;1
2;0;546;877;1409841784.625545960;1409841784.564386926;2471391;-1;1;0;1
2;0;547;877;1409841784.626698690;1409841784.564399427;2471391;-1;1;0;1
2;0;548;877;1409841784.627856310;1409841784.564410253;2471391;-1;1;0;1
2;0;549;877;1409841784.629015116;1409841784.564420938;2471391;-1;1;0;1
2;0;550;877;1409841784.630169243;1409841784.564450062;2471391;-1;1;0;1
2;0;551;877;1409841784.631328469;1409841784.564465078;2471391;-1;1;0;1
2;0;552;877;1409841784.632483784;1409841784.564476113;2471391;-1;1;0;1
2;0;553;877;1409841784.633647479;1409841784.564486519;2471391;-1;1;0;1
2;0;554;877;1409841784.634802584;1409841784.564497205;2471391;-1;1;0;1
2;0;555;877;1409841784.635866406;1409841784.564507611;2471391;-1;1;0;1
2;0;556;877;1409841784.637049099;1409841784.564518646;2471391;-1;1;0;1
2;0;557;877;1409841784.638200642;1409841784.564529123;2471391;-1;1;0;1
2;0;558;877;1409841784.639448706;1409841784.564539529;2471391;-1;1;0;1
2;0;559;877;1409841784.640587887;1409841784.564549935;2471391;-1;1;0;1
2;0;560;877;1409841784.641751373;1409841784.564561599;2471391;-1;1;0;1
2;0;561;877;1409841784.642902706;1409841784.564572424;2471391;-1;1;0;1
2;0;562;877;1409841784.644076599;1409841784.564584088;2471391;-1;1;0;1
2;0;563;877;1409841784.645222764;1409841784.564595332;2471391;-1;1;0;1
2;0;564;877;1409841784.646373539;1409841784.564606158;2471391;-1;1;0;1
2;0;565;877;1409841784.647482129;1409841784.564617542;2471391;-1;1;0;1
2;0;566;877;1409841784.648588346;1409841784.564627948;2471391;-1;1;0;1
2;0;567;877;1409841784.649729901;1409841784.564638354;2471391;-1;1;0;1
2;0;568;877;1409841784.650934105;1409841784.564648691;2471391;-1;1;0;1
2;0;569;877;1409841784.652085787;1409841784.564659097;2471391;-1;1;0;1
2;0;570;877;1409841784.653246829;1409841784.564669573;2471391;-1;1;0;1
2;0;571;877;1409841784.654397604;1409841784.564679980;2471391;-1;1;0;1
2;0;572;877;1409841784.655660055;1409841784.564690316;2471391;-1;1;0;1
2;0;573;877;1409841784.656794626;1409841784.608148007;2471391;-1;1;0;1
2;0;574;877;1409841784.657954551;1409841784.608174547;2471391;-1;1;0;1
2;0;575;877;1409841784.659108119;1409841784.608189144;2471391;-1;1;0;1
2;0;576;877;1409841784.660261687;1409841784.608202484;2471391;-1;1;0;1
2;0;577;877;1409841784.661317618;1409841784.608214706;2471391;-1;1;0;1
2;0;578;877;1409841784.662458755;1409841784.608226998;2471391;-1;1;0;1
2;0;579;877;1409841784.663634952;1409841784.608239080;2471391;-1;1;0;1
2;0;580;877;1409841784.664909904;1409841784.608251023;2471391;-1;1;0;1
2;0;581;877;1409841784.666056698;1409841784.608262757;2471391;-1;1;0;1
2;0;582;877;1409841784.667208381;1409841784.608275258;2471391;-1;1;0;1
2;0;583;877;1409841784.668366699;1409841784.608287271;2471391;-1;1;0;1
2;0;584;877;1409841784.669535492;1409841784.608300122;2471391;-1;1;0;1
2;0;585;877;1409841784.670682705;1409841784.608311855;2471391;-1;1;0;1
2;0;586;877;1409841784.671838439;1409841784.608322401;2471391;-1;1;0;1
2;0;587;877;1409841784.673002414;1409841784.608333925;2471391;-1;1;0;1
2;0;588;877;1409841784.674149976;1409841784.608344680;2471391;-1;1;0;1
2;0;589;877;1409841784.675198084;1409841784.608355925;2471391;-1;1;0;1
2;0;590;877;1409841784.676343411;1409841784.608367798;2471391;-1;1;0;1
2;0;591;877;1409841784.677534275;1409841784.608378484;2471391;-1;1;0;1
2;0;592;877;1409841784.678658999;1409841784.608388820;2471391;-1;1;0;1
2;0;593;877;1409841784.679813755;1409841784.608400134;2471391;-1;1;0;1
2;0;594;877;1409841784.680970815;1409841784.608411100;2471391;-1;1;0;1
2;0;595;877;1409841784.682127038;1409841784.608421296;2471391;-1;1;0;1
2;0;596;877;1409841784.683284168;1409841784.608431633;2471391;-1;1;0;1
2;0;597;877;1409841784.685288264;1409841784.608441969;2471391;-1;1;0;1
2;0;598;877;1409841784.685716740;1409841784.608452376;2471391;-1;1;0;1
2;0;599;877;1409841784.687367788;1409841784.608463131;2471391;-1;1;0;1
2;0;600;877;1409841784.687899210;1409841784.608473817;2471391;-1;1;0;1
2;0;601;877;1409841784.689119058;1409841784.608484363;2471391;-1;1;0;1
2;0;602;877;1409841784.690231071;1409841784.608494490;2471391;-1;1;0;1
2;0;603;877;1409841784.691379122;1409841784.608505525;2471391;-1;1;0;1
2;0;604;877;1409841784.692562094;1409841784.608516839;2471391;-1;1;0;1
2;0;605;877;1409841784.693693243;1409841784.608528922;2471391;-1;1;0;1
2;0;606;877;1409841784.694833542;1409841784.608540376;2471391;-1;1;0;1
2;0;607;877;1409841784.695990742;1409841784.608550782;2471391;-1;1;0;1
2;0;608;877;1409841784.697154228;1409841784.608561119;2471391;-1;1;0;1
2;0;609;877;1409841784.698305073;1409841784.608571385;2471391;-1;1;0;1
2;0;610;877;1409841784.699467581;1409841784.608581792;2471391;-1;1;0;1
2;0;611;877;1409841784.700637702;1409841784.652130626;2471391;-1;1;0;1
2;0;612;877;1409841784.701802585;1409841784.652156397;2471391;-1;1;0;1
2;0;613;877;1409841784.702957340;1409841784.652169597;2471391;-1;1;0;1
2;0;614;877;1409841784.704113982;1409841784.652181959;2471391;-1;1;0;1
2;0;615;877;1409841784.705274674;1409841784.652195368;2471391;-1;1;0;1
2;0;616;877;1409841784.706427824;1409841784.652208359;2471391;-1;1;0;1
2;0;617;877;1409841784.707599341;1409841784.652220930;2471391;-1;1;0;1
2;0;618;877;1409841784.708745367;1409841784.652234200;2471391;-1;1;0;1
2;0;619;877;1409841784.709925405;1409841784.652247191;2471391;-1;1;0;1
2;0;620;877;1409841784.711106910;1409841784.652259832;2471391;-1;1;0;1
2;0;621;877;1409841784.712258174;1409841784.652272264;2471391;-1;1;0;1
2;0;622;877;1409841784.713417190;1409841784.652285534;2471391;-1;1;0;1
2;0;623;877;1409841784.714526619;1409841784.652297616;2471391;-1;1;0;1
2;0;624;877;1409841784.715691013;1409841784.652308511;2471391;-1;1;0;1
2;0;625;877;1409841784.716895286;1409841784.652319197;2471391;-1;1;0;1
2;0;626;877;1409841784.718047388;1409841784.652329813;2471391;-1;1;0;1
2;0;627;877;1409841784.719203121;1409841784.652340219;2471391;-1;1;0;1
2;0;628;877;1409841784.720361998;1409841784.652350765;2471391;-1;1;0;1
2;0;629;877;1409841784.721475058;1409841784.652378283;2471391;-1;1;0;1
2;0;630;877;1409841784.722639522;1409841784.652391902;2471391;-1;1;0;1
2;0;631;877;1409841784.723832481;1409841784.652402657;2471391;-1;1;0;1
2;0;632;877;1409841784.724994081;1409841784.652413273;2471391;-1;1;0;1
2;0;633;877;1409841784.726146253;1409841784.652423889;2471391;-1;1;0;1
2;0;634;877;1409841784.727305409;1409841784.652435483;2471391;-1;1;0;1
2;0;635;877;1409841784.728419028;1409841784.652446099;2471391;-1;1;0;1
2;0;636;877;1409841784.729575530;1409841784.652457902;2471391;-1;1;0;1
2;0;637;877;1409841784.730778127;1409841784.652468378;2471391;-1;1;0;1
2;0;638;877;1409841784.731936584;1409841784.652479553;2471391;-1;1;0;1
2;0;639;877;1409841784.733091829;1409841784.652489819;2471391;-1;1;0;1
2;0;640;877;1409841784.734249448;1409841784.652500226;2471391;-1;1;0;1
2;0;641;877;1409841784.735380877;1409841784.652510492;2471391;-1;1;0;1
2;0;642;877;1409841784.736523899;1409841784.652521248;2471391;-1;1;0;1
2;0;643;877;1409841784.737723423;1409841784.652531654;2471391;-1;1;0;1
2;0;644;877;1409841784.738882789;1409841784.652542200;2471391;-1;1;0;1
2;0;645;877;1409841784.740040059;1409841784.652553165;2471391;-1;1;0;1
2;0;646;877;1409841784.741197608;1409841784.652564829;2471391;-1;1;0;1
2;0;647;877;1409841784.742354529;1409841784.652575235;2471391;-1;1;0;1
2;0;648;877;1409841784.743465285;1409841784.652585642;2471391;-1;1;0;1
2;0;649;877;1409841784.744631006;1409841784.696038304;2471391;-1;1;0;1
2;0;650;877;1409841784.745787088;1409841784.696060374;2471391;-1;1;0;1
2;0;651;877;1409841784.746986054;1409841784.696066520;2471391;-1;1;0;1
2;0;652;877;1409841784.748138714;1409841784.696072387;2471391;-1;1;0;1
2;0;653;877;1409841784.749234803;1409841784.696078253;2471391;-1;1;0;1
2;0;654;877;1409841784.750423432;1409841784.696083701;2471391;-1;1;0;1
2;0;655;877;1409841784.751561985;1409841784.696089498;2471391;-1;1;0;1
2;0;656;877;1409841784.752765350;1409841784.696095364;2471391;-1;1;0;1
2;0;657;877;1409841784.753952163;1409841784.696100952;2471391;-1;1;0;1
2;0;658;877;1409841784.755187935;1409841784.696106469;2471391;-1;1;0;1
2;0;659;877;1409841784.756340456;1409841784.696112126;2471391;-1;1;0;1
2;0;660;877;1409841784.757491789;1409841784.696118202;2471391;-1;1;0;1
2;0;661;877;1409841784.758655834;1409841784.696123720;2471391;-1;1;0;1
2;0;662;877;1409841784.759711205;1409841784.696128818;2471391;-1;1;0;1
2;0;663;877;1409841784.760933428;1409841784.696133917;2471391;-1;1;0;1
2;0;664;877;1409841784.762056476;1409841784.696139364;2471391;-1;1;0;1
2;0;665;877;1409841784.763293365;1409841784.696144323;2471391;-1;1;0;1
2;0;666;877;1409841784.764441067;1409841784.696149212;2471391;-1;1;0;1
2;0;667;877;1409841784.765604483;1409841784.696154590;2471391;-1;1;0;1
2;0;668;877;1409841784.766753721;1409841784.696160526;2471391;-1;1;0;1
2;0;669;877;1409841784.767910572;1409841784.696166044;2471391;-1;1;0;1
2;0;670;877;1409841784.769079995;1409841784.696171002;2471391;-1;1;0;1
2;0;671;877;1409841784.770223995;1409841784.696175961;2471391;-1;1;0;1
2;0;672;877;1409841784.771381265;1409841784.696180850;2471391;-1;1;0;1
2;0;673;877;1409841784.772536719;1409841784.696185739;2471391;-1;1;0;1
2;0;674;877;1409841784.773701951;1409841784.696190628;2471391;-1;1;0;1
2;0;675;877;1409841784.774854542;1409841784.696195726;2471391;-1;1;0;1
2;0;676;877;1409841784.776015234;1409841784.696201104;2471391;-1;1;0;1
2;0;677;877;1409841784.777170409;1409841784.696206133;2471391;-1;1;0;1
2;0;678;877;1409841784.778336828;1409841784.696210882;2471391;-1;1;0;1
2;0;679;877;1409841784.779487463;1409841784.696215841;2471391;-1;1;0;1
2;0;680;877;1409841784.780641800;1409841784.696220729;2471391;-1;1;0;1
2;0;681;877;1409841784.781803610;1409841784.696225688;2471391;-1;1;0;1
2;0;682;877;1409841784.782959553;1409841784.696230507;2471391;-1;1;0;1
2;0;683;877;1409841784.784105858;1409841784.696235256;2471391;-1;1;0;1
2;0;684;877;1409841784.785205858;1409841784.696240145;2471391;-1;1;0;1
2;0;685;877;1409841784.786318500;1409841784.696246012;2471391;-1;1;0;1
2;0;686;877;1409841784.787469484;1409841784.696250971;2471391;-1;1;0;1
2;0;687;877;1409841784.788628989;1409841784.740064084;2471391;-1;1;0;1
2;0;688;877;1409841784.789832215;1409841784.740077354;2471391;-1;1;0;1
2;0;689;877;1409841784.791078462;1409841784.740089786;2471391;-1;1;0;1
2;0;690;877;1409841784.792226374;1409841784.740095303;2471391;-1;1;0;1
2;0;691;877;1409841784.793377917;1409841784.740100681;2471391;-1;1;0;1
2;0;692;877;1409841784.794477847;1409841784.740106548;2471391;-1;1;0;1
2;0;693;877;1409841784.795691968;1409841784.740112135;2471391;-1;1;0;1
2;0;694;877;1409841784.796886045;1409841784.740117513;2471391;-1;1;0;1
2;0;695;877;1409841784.797967048;1409841784.740122681;2471391;-1;1;0;1
2;0;696;877;1409841784.799035201;1409841784.740127989;2471391;-1;1;0;1
2;0;697;877;1409841784.800195823;1409841784.740133367;2471391;-1;1;0;1
2;0;698;877;1409841784.801412249;1409841784.740138954;2471391;-1;1;0;1
2;0;699;877;1409841784.802522096;1409841784.740144052;2471391;-1;1;0;1
2;0;700;877;1409841784.803812903;1409841784.740148941;2471391;-1;1;0;1
2;0;701;877;1409841784.804955576;1409841784.740153830;2471391;-1;1;0;1
2;0;702;877;1409841784.806104815;1409841784.740158579;2471391;-1;1;0;1
2;0;703;877;1409841784.807263062;1409841784.740163259;2471391;-1;1;0;1
2;0;704;877;1409841784.808421869;1409841784.740168008;2471391;-1;1;0;1
2;0;705;877;1409841784.809581025;1409841784.740172827;2471391;-1;1;0;1
2;0;706;877;1409841784.810778663;1409841784.740177576;2471391;-1;1;0;1
2;0;707;877;1409841784.811853311;1409841784.740187284;2471391;-1;1;0;1
2;0;708;877;1409841784.812999546;1409841784.740192941;2471391;-1;1;0;1
2;0;709;877;1409841784.814227775;1409841784.740197970;2471391;-1;1;0;1
2;0;710;877;1409841784.815368842;1409841784.740202789;2471391;-1;1;0;1
2;0;711;877;1409841784.816520245;1409841784.740207538;2471391;-1;1;0;1
2;0;712;877;1409841784.817685198;1409841784.740212287;2471391;-1;1;0;1
2;0;713;877;1409841784.818835065;1409841784.740216967;2471391;-1;1;0;1
2;0;714;877;1409841784.819992335;1409841784.740221646;2471391;-1;1;0;1
2;0;715;877;1409841784.821159033;1409841784.740226325;2471391;-1;1;0;1
2;0;716;877;1409841784.822313300;1409841784.740231075;2471391;-1;1;0;1
2;0;717;877;1409841784.823467288;1409841784.740235894;2471391;-1;1;0;1
2;0;718;877;1409841784.824628748;1409841784.740240573;2471391;-1;1;0;1
2;0;719;877;1409841784.825786088;1409841784.740245322;2471391;-1;1;0;1
2;0;720;877;1409841784.826938958;1409841784.740250281;2471391;-1;1;0;1
2;0;721;877;1409841784.828093435;1409841784.740255449;2471391;-1;1;0;1
2;0;722;877;1409841784.829201746;1409841784.740260338;2471391;-1;1;0;1
2;0;723;877;1409841784.830343651;1409841784.740265297;2471391;-1;1;0;1
2;0;724;877;1409841784.831580750;1409841784.740270535;2471391;-1;1;0;1
2;0;725;877;1409841784.832727404;1409841784.784133934;2471391;-1;1;0;1
2;0;726;877;1409841784.833888166;1409841784.784164944;2471391;-1;1;0;1
2;0;727;877;1409841784.834951011;1409841784.784178842;2471391;-1;1;0;1
2;0;728;877;1409841784.836214300;1409841784.784191483;2471391;-1;1;0;1
2;0;729;877;1409841784.837290903;1409841784.784205731;2471391;-1;1;0;1
2;0;730;877;1409841784.838457672;1409841784.784218302;2471391;-1;1;0;1
2;0;731;877;1409841784.839691418;1409841784.784230525;2471391;-1;1;0;1
2;0;732;877;1409841784.840839609;1409841784.784242328;2471391;-1;1;0;1
2;0;733;877;1409841784.841992060;1409841784.784254620;2471391;-1;1;0;1
2;0;734;877;1409841784.843150377;1409841784.784267471;2471391;-1;1;0;1
2;0;735;877;1409841784.844303457;1409841784.784280391;2471391;-1;1;0;1
2;0;736;877;1409841784.845467222;1409841784.784294080;2471391;-1;1;0;1
2;0;737;877;1409841784.846512467;1409841784.784306512;2471391;-1;1;0;1
2;0;738;877;1409841784.847699839;1409841784.784317547;2471391;-1;1;0;1
2;0;739;877;1409841784.848791598;1409841784.784328093;2471391;-1;1;0;1
2;0;740;877;1409841784.849977014;1409841784.784338569;2471391;-1;1;0;1
2;0;741;877;1409841784.851174373;1409841784.784348975;2471391;-1;1;0;1
2;0;742;877;1409841784.852335554;1409841784.784359521;2471391;-1;1;0;1
2;0;743;877;1409841784.853587878;1409841784.784370067;2471391;-1;1;0;1
2;0;744;877;1409841784.854726710;1409841784.784380264;2471391;-1;1;0;1
2;0;745;877;1409841784.855884748;1409841784.784390601;2471391;-1;1;0;1
2;0;746;877;1409841784.857037967;1409841784.784401077;2471391;-1;1;0;1
2;0;747;877;1409841784.858203619;1409841784.784411204;2471391;-1;1;0;1
2;0;748;877;1409841784.859357327;1409841784.784421610;2471391;-1;1;0;1
2;0;749;877;1409841784.860411511;1409841784.784432994;2471391;-1;1;0;1
2;0;750;877;1409841784.861573391;1409841784.784443401;2471391;-1;1;0;1
2;0;751;877;1409841784.862764534;1409841784.784454645;2471391;-1;1;0;1
2;0;752;877;1409841784.863994788;1409841784.784465610;2471391;-1;1;0;1
2;0;753;877;1409841784.865145074;1409841784.784476017;2471391;-1;1;0;1
2;0;754;877;1409841784.866294382;1409841784.784487261;2471391;-1;1;0;1
2;0;755;877;1409841784.867452700;1409841784.784498575;2471391;-1;1;0;1
2;0;756;877;1409841784.868608922;1409841784.784509610;2471391;-1;1;0;1
2;0;757;877;1409841784.869774922;1409841784.784520226;2471391;-1;1;0;1
2;0;758;877;1409841784.870929608;1409841784.784530982;2471391;-1;1;0;1
2;0;759;877;1409841784.872076263;1409841784.784542156;2471391;-1;1;0;1
2;0;760;877;1409841784.873189882;1409841784.784553960;2471391;-1;1;0;1
2;0;761;877;1409841784.874324663;1409841784.784564925;2471391;-1;1;0;1
2;0;762;877;1409841784.875557920;1409841784.784575471;2471391;-1;1;0;1
2;0;763;877;1409841784.876716098;1409841784.828120463;2471391;-1;1;0;1
2;0;764;877;1409841784.877875114;1409841784.828152241;2471391;-1;1;0;1
2;0;765;877;1409841784.878962683;1409841784.828167117;2471391;-1;1;0;1
2;0;766;877;1409841784.880189724;1409841784.828180317;2471391;-1;1;0;1
2;0;767;877;1409841784.881346226;1409841784.828193028;2471391;-1;1;0;1
2;0;768;877;1409841784.882499515;1409841784.828205181;2471391;-1;1;0;1
2;0;769;877;1409841784.883655598;1409841784.828216565;2471391;-1;1;0;1
2;0;770;877;1409841784.884718513;1409841784.828228787;2471391;-1;1;0;1
2;0;771;877;1409841784.885821376;1409841784.828241289;2471391;-1;1;0;1
2;0;772;877;1409841784.887072723;1409841784.828253511;2471391;-1;1;0;1
2;0;773;877;1409841784.888228107;1409841784.828266222;2471391;-1;1;0;1
2;0;774;877;1409841784.889443485;1409841784.828279981;2471391;-1;1;0;1
2;0;775;877;1409841784.890602711;1409841784.828292762;2471391;-1;1;0;1
2;0;776;877;1409841784.891758724;1409841784.828304355;2471391;-1;1;0;1
2;0;777;877;1409841784.892920952;1409841784.828314971;2471391;-1;1;0;1
2;0;778;877;1409841784.894073613;1409841784.828326984;2471391;-1;1;0;1
2;0;779;877;1409841784.895231442;1409841784.828338019;2471391;-1;1;0;1
2;0;780;877;1409841784.896310699;1409841784.828348495;2471391;-1;1;0;1
2;0;781;877;1409841784.897468807;1409841784.828358832;2471391;-1;1;0;1
2;0;782;877;1409841784.898601423;1409841784.828369517;2471391;-1;1;0;1
2;0;783;877;1409841784.899787887;1409841784.828379784;2471391;-1;1;0;1
2;0;784;877;1409841784.900951373;1409841784.828389911;2471391;-1;1;0;1
2;0;785;877;1409841784.902122891;1409841784.828401644;2471391;-1;1;0;1
2;0;786;877;1409841784.903231551;1409841784.828430908;2471391;-1;1;0;1
2;0;787;877;1409841784.904388472;1409841784.828444527;2471391;-1;1;0;1
2;0;788;877;1409841784.905513894;1409841784.828456051;2471391;-1;1;0;1
2;0;789;877;1409841784.906724174;1409841784.828466946;2471391;-1;1;0;1
2;0;790;877;1409841784.907942206;1409841784.828478190;2471391;-1;1;0;1
2;0;791;877;1409841784.909094238;1409841784.828488876;2471391;-1;1;0;1
2;0;792;877;1409841784.910242080;1409841784.828500051;2471391;-1;1;0;1
2;0;793;877;1409841784.911320638;1409841784.828510597;2471391;-1;1;0;1
2;0;794;877;1409841784.912483636;1409841784.828522540;2471391;-1;1;0;1
2;0;795;877;1409841784.913636715;1409841784.828532946;2471391;-1;1;0;1
2;0;796;877;1409841784.914883941;1409841784.828543283;2471391;-1;1;0;1
2;0;797;877;1409841784.916029617;1409841784.828554108;2471391;-1;1;0;1
2;0;798;877;1409841784.917142049;1409841784.828565073;2471391;-1;1;0;1
2;0;799;877;1409841784.918296037;1409841784.828575410;2471391;-1;1;0;1
2;0;800;877;1409841784.919515046;1409841784.828585536;2471391;-1;1;0;1
2;0;801;877;1409841784.920664075;1409841784.872104269;2471391;-1;1;0;1
2;0;802;877;1409841784.921825326;1409841784.872136675;2471391;-1;1;0;1
2;0;803;877;1409841784.922974355;1409841784.872150224;2471391;-1;1;0;1
2;0;804;877;1409841784.924128622;1409841784.872163285;2471391;-1;1;0;1
2;0;805;877;1409841784.925297835;1409841784.872175717;2471391;-1;1;0;1
2;0;806;877;1409841784.926451473;1409841784.872188428;2471391;-1;1;0;1
2;0;807;877;1409841784.927609302;1409841784.872200580;2471391;-1;1;0;1
2;0;808;877;1409841784.928763848;1409841784.872212593;2471391;-1;1;0;1
2;0;809;877;1409841784.929926636;1409841784.872224605;2471391;-1;1;0;1
2;0;810;877;1409841784.931078877;1409841784.872236967;2471391;-1;1;0;1
2;0;811;877;1409841784.932235938;1409841784.872249259;2471391;-1;1;0;1
2;0;812;877;1409841784.933398097;1409841784.872262669;2471391;-1;1;0;1
2;0;813;877;1409841784.934483780;1409841784.872276358;2471391;-1;1;0;1
2;0;814;877;1409841784.935610040;1409841784.872287113;2471391;-1;1;0;1
2;0;815;877;1409841784.936815780;1409841784.872297869;2471391;-1;1;0;1
2;0;816;877;1409841784.937987717;1409841784.872308555;2471391;-1;1;0;1
2;0;817;877;1409841784.939185355;1409841784.872319869;2471391;-1;1;0;1
2;0;818;877;1409841784.940340111;1409841784.872330485;2471391;-1;1;0;1
2;0;819;877;1409841784.941498848;1409841784.872341171;2471391;-1;1;0;1
2;0;820;877;1409841784.942655838;1409841784.872351647;2471391;-1;1;0;1
2;0;821;877;1409841784.943812619;1409841784.872361983;2471391;-1;1;0;1
2;0;822;877;1409841784.944969471;1409841784.872372739;2471391;-1;1;0;1
2;0;823;877;1409841784.946040906;1409841784.872384751;2471391;-1;1;0;1
2;0;824;877;1409841784.947255166;1409841784.872396136;2471391;-1;1;0;1
2;0;825;877;1409841784.948389528;1409841784.872407520;2471391;-1;1;0;1
2;0;826;877;1409841784.949521446;1409841784.872418136;2471391;-1;1;0;1
2;0;827;877;1409841784.950718107;1409841784.872428612;2471391;-1;1;0;1
2;0;828;877;1409841784.951868462;1409841784.872439158;2471391;-1;1;0;1
2;0;829;877;1409841784.953123371;1409841784.872450612;2471391;-1;1;0;1
2;0;830;877;1409841784.954264787;1409841784.872463253;2471391;-1;1;0;1
2;0;831;877;1409841784.955420730;1409841784.872474917;2471391;-1;1;0;1
2;0;832;877;1409841784.956575835;1409841784.872485532;2471391;-1;1;0;1
2;0;833;877;1409841784.957744908;1409841784.872495799;2471391;-1;1;0;1
2;0;834;877;1409841784.958814876;1409841784.872506205;2471391;-1;1;0;1
2;0;835;877;1409841784.960078096;1409841784.872516751;2471391;-1;1;0;1
2;0;836;877;1409841784.963246096;1409841784.872527717;2471391;-1;1;0;1
2;0;837;877;1409841784.963261112;1409841784.872538332;2471391;-1;1;0;1
2;0;838;877;1409841784.963378236;1409841784.872549856;2471391;-1;1;0;1
2;0;839;877;1409841784.964561347;1409841784.916047427;2471391;-1;1;0;1
2;0;840;877;1409841784.965691798;1409841784.916070335;2471391;-1;1;0;1
2;0;841;877;1409841784.966849837;1409841784.916080182;2471391;-1;1;0;1
2;0;842;877;1409841784.968031481;1409841784.916089401;2471391;-1;1;0;1
2;0;843;877;1409841784.970039069;1409841784.916099947;2471391;-1;1;0;1
2;0;844;877;1409841784.970295526;1409841784.916109027;2471391;-1;1;0;1
2;0;845;877;1409841784.971455311;1409841784.916118036;2471391;-1;1;0;1
2;0;846;877;1409841784.972645057;1409841784.916127116;2471391;-1;1;0;1
2;0;847;877;1409841784.973797997;1409841784.916135427;2471391;-1;1;0;1
2;0;848;877;1409841784.974950657;1409841784.916144576;2471391;-1;1;0;1
2;0;849;877;1409841784.976084810;1409841784.916153306;2471391;-1;1;0;1
2;0;850;877;1409841784.977248924;1409841784.916163503;2471391;-1;1;0;1
2;0;851;877;1409841784.978428963;1409841784.916171954;2471391;-1;1;0;1
2;0;852;877;1409841784.979583369;1409841784.916179497;2471391;-1;1;0;1
2;0;853;877;1409841784.980708932;1409841784.916187389;2471391;-1;1;0;1
2;0;854;877;1409841784.981869414;1409841784.916194862;2471391;-1;1;0;1
2;0;855;877;1409841784.983060557;1409841784.916202055;2471391;-1;1;0;1
2;0;856;877;1409841784.984185142;1409841784.916209459;2471391;-1;1;0;1
2;0;857;877;1409841784.985415745;1409841784.916216932;2471391;-1;1;0;1
2;0;858;877;1409841784.986501987;1409841784.916224614;2471391;-1;1;0;1
2;0;859;877;1409841784.987661073;1409841784.916232017;2471391;-1;1;0;1
2;0;860;877;1409841784.988838108;1409841784.916239281;2471391;-1;1;0;1
2;0;861;877;1409841784.989972190;1409841784.916246544;2471391;-1;1;0;1
2;0;862;877;1409841784.991130438;1409841784.916254855;2471391;-1;1;0;1
2;0;863;877;1409841784.992288407;1409841784.916262259;2471391;-1;1;0;1
2;0;864;877;1409841784.993448401;1409841784.916270151;2471391;-1;1;0;1
2;0;865;877;1409841784.994602877;1409841784.916291871;2471391;-1;1;0;1
2;0;866;877;1409841784.995762452;1409841784.916302278;2471391;-1;1;0;1
2;0;867;877;1409841784.996920351;1409841784.916309820;2471391;-1;1;0;1
2;0;868;877;1409841784.998076852;1409841784.916317922;2471391;-1;1;0;1
2;0;869;877;1409841784.999234542;1409841784.916325255;2471391;-1;1;0;1
2;0;870;877;1409841785.407177;1409841784.916332728;2471391;-1;1;0;1
2;0;871;877;1409841785.1556625;1409841784.916340201;2471391;-1;1;0;1
2;0;872;877;1409841785.2709914;1409841784.916347395;2471391;-1;1;0;1
2;0;873;877;1409841785.3875076;1409841784.916354868;2471391;-1;1;0;1
2;0;874;877;1409841785.5027597;1409841784.916362271;2471391;-1;1;0;1
2;0;875;877;1409841785.6201140;1409841784.916370093;2471391;-1;1;0;1
2;0;876;877;1409841785.7350867;1409841784.916378195;2471391;-1;1;0;1
