train_id;train_send_countid;paket_id;count_pakets_in_train;recv_time;send_time;recv_data_rate;recv_timeout_wait;last_recv_train_id;last_recv_train_send_countid;last_recv_paket_id


0;0;0;4;1409842056.669515036;1409842056.668532299;8000;-1;0;0;0
0;0;1;4;1409842056.670336230;1409842056.668578045;8000;-1;0;0;0
0;0;2;4;1409842056.671177328;1409842056.668599696;8000;-1;0;0;0
0;0;3;4;1409842056.672009138;1409842056.668614153;8000;-1;0;0;0
2;0;0;801;1409842056.676539463;1409842056.675602123;1605807;-1;1;0;3
2;0;1;801;1409842056.677375742;1409842056.675623285;1605807;-1;1;0;3
2;0;2;801;1409842056.678210765;1409842056.675632155;1605807;-1;1;0;3
2;0;3;801;1409842056.679048581;1409842056.675641024;1605807;-1;1;0;3
2;0;4;801;1409842056.679882975;1409842056.675650034;1605807;-1;1;0;3
2;0;5;801;1409842056.680724772;1409842056.675661907;1605807;-1;1;0;3
2;0;6;801;1409842056.681562657;1409842056.675670428;1605807;-1;1;0;3
2;0;7;801;1409842056.682392651;1409842056.675679088;1605807;-1;1;0;3
2;0;8;801;1409842056.683226347;1409842056.675711704;1605807;-1;1;0;3
2;0;9;801;1409842056.684077223;1409842056.675722529;1605807;-1;1;0;3
2;0;10;801;1409842056.684897788;1409842056.675750326;1605807;-1;1;0;3
2;0;11;801;1409842056.685737420;1409842056.675758847;1605807;-1;1;0;3
2;0;12;801;1409842056.686585154;1409842056.675768066;1605807;-1;1;0;3
2;0;13;801;1409842056.687430582;1409842056.675776866;1605807;-1;1;0;3
2;0;14;801;1409842056.688250100;1409842056.675785177;1605807;-1;1;0;3
2;0;15;801;1409842056.689105237;1409842056.675793837;1605807;-1;1;0;3
2;0;16;801;1409842056.689926011;1409842056.675803196;1605807;-1;1;0;3
2;0;17;801;1409842056.690767180;1409842056.675811647;1605807;-1;1;0;3
2;0;18;801;1409842056.691625180;1409842056.675819678;1605807;-1;1;0;3
2;0;19;801;1409842056.692449377;1409842056.675828828;1605807;-1;1;0;3
2;0;20;801;1409842056.693285657;1409842056.675837209;1605807;-1;1;0;3
2;0;21;801;1409842056.694115231;1409842056.675845240;1605807;-1;1;0;3
2;0;22;801;1409842056.694976444;1409842056.675853342;1605807;-1;1;0;3
2;0;23;801;1409842056.695785625;1409842056.675861513;1605807;-1;1;0;3
2;0;24;801;1409842056.696624419;1409842056.675869964;1605807;-1;1;0;3
2;0;25;801;1409842056.697463632;1409842056.675877856;1605807;-1;1;0;3
2;0;26;801;1409842056.698346775;1409842056.675885888;1605807;-1;1;0;3
2;0;27;801;1409842056.699168737;1409842056.675893990;1605807;-1;1;0;3
2;0;28;801;1409842056.700023734;1409842056.675902371;1605807;-1;1;0;3
2;0;29;801;1409842056.700880617;1409842056.675910472;1605807;-1;1;0;3
2;0;30;801;1409842056.701657042;1409842056.675918783;1605807;-1;1;0;3
2;0;31;801;1409842056.702520560;1409842056.675927234;1605807;-1;1;0;3
2;0;32;801;1409842056.703358725;1409842056.675935475;1605807;-1;1;0;3
2;0;33;801;1409842056.704195633;1409842056.675944834;1605807;-1;1;0;3
2;0;34;801;1409842056.705040224;1409842056.675953913;1605807;-1;1;0;3
2;0;35;801;1409842056.705838230;1409842056.675963831;1605807;-1;1;0;3
2;0;36;801;1409842056.706675767;1409842056.675972840;1605807;-1;1;0;3
2;0;37;801;1409842056.707758237;1409842056.675981920;1605807;-1;1;0;3
2;0;38;801;1409842056.708389463;1409842056.675991279;1605807;-1;1;0;3
2;0;39;801;1409842056.709208631;1409842056.676000428;1605807;-1;1;0;3
2;0;40;801;1409842056.710095476;1409842056.676009228;1605807;-1;1;0;3
2;0;41;801;1409842056.710919603;1409842056.676017329;1605807;-1;1;0;3
2;0;42;801;1409842056.711748619;1409842056.676026548;1605807;-1;1;0;3
2;0;43;801;1409842056.712594606;1409842056.676034859;1605807;-1;1;0;3
2;0;44;801;1409842056.713408467;1409842056.676043171;1605807;-1;1;0;3
2;0;45;801;1409842056.714251102;1409842056.676051063;1605807;-1;1;0;3
2;0;46;801;1409842056.715076416;1409842056.676059234;1605807;-1;1;0;3
2;0;47;801;1409842056.715933788;1409842056.676067475;1605807;-1;1;0;3
2;0;48;801;1409842056.716765458;1409842056.676075786;1605807;-1;1;0;3
2;0;49;801;1409842056.717615636;1409842056.676083609;1605807;-1;1;0;3
2;0;50;801;1409842056.718482855;1409842056.676091710;1605807;-1;1;0;3
2;0;51;801;1409842056.719319763;1409842056.676100650;1605807;-1;1;0;3
2;0;52;801;1409842056.720159116;1409842056.676109659;1605807;-1;1;0;3
2;0;53;801;1409842056.720994837;1409842056.676117621;1605807;-1;1;0;3
2;0;54;801;1409842056.721832932;1409842056.676125444;1605807;-1;1;0;3
2;0;55;801;1409842056.722636107;1409842056.676132847;1605807;-1;1;0;3
2;0;56;801;1409842056.723477555;1409842056.676140669;1605807;-1;1;0;3
2;0;57;801;1409842056.724344005;1409842056.676147863;1605807;-1;1;0;3
2;0;58;801;1409842056.725182660;1409842056.676155056;1605807;-1;1;0;3
2;0;59;801;1409842056.726021733;1409842056.676162390;1605807;-1;1;0;3
2;0;60;801;1409842056.726857035;1409842056.676170142;1605807;-1;1;0;3
2;0;61;801;1409842056.727664330;1409842056.676177545;1605807;-1;1;0;3
2;0;62;801;1409842056.728483987;1409842056.676185367;1605807;-1;1;0;3
2;0;63;801;1409842056.729376280;1409842056.676192561;1605807;-1;1;0;3
2;0;64;801;1409842056.730205994;1409842056.676199964;1605807;-1;1;0;3
2;0;65;801;1409842056.731046254;1409842056.676207018;1605807;-1;1;0;3
2;0;66;801;1409842056.731866820;1409842056.676214002;1605807;-1;1;0;3
2;0;67;801;1409842056.732685639;1409842056.676221336;1605807;-1;1;0;3
2;0;68;801;1409842056.733503271;1409842056.676228390;1605807;-1;1;0;3
2;0;69;801;1409842056.734339760;1409842056.676235513;1605807;-1;1;0;3
2;0;70;801;1409842056.735178065;1409842056.676243475;1605807;-1;1;0;3
2;0;71;801;1409842056.736014484;1409842056.676250669;1605807;-1;1;0;3
2;0;72;801;1409842056.736859913;1409842056.676258072;1605807;-1;1;0;3
2;0;73;801;1409842056.737702129;1409842056.676265196;1605807;-1;1;0;3
2;0;74;801;1409842056.738536313;1409842056.676272180;1605807;-1;1;0;3
2;0;75;801;1409842056.739373012;1409842056.676288313;1605807;-1;1;0;3
2;0;76;801;1409842056.740258320;1409842056.676296834;1605807;-1;1;0;3
2;0;77;801;1409842056.741041590;1409842056.676303888;1605807;-1;1;0;3
2;0;78;801;1409842056.741970618;1409842056.676310942;1605807;-1;1;0;3
2;0;79;801;1409842056.742809692;1409842056.707556116;1605807;-1;1;0;3
2;0;80;801;1409842056.743597152;1409842056.707569666;1605807;-1;1;0;3
2;0;81;801;1409842056.744464721;1409842056.707574974;1605807;-1;1;0;3
2;0;82;801;1409842056.745280048;1409842056.707585520;1605807;-1;1;0;3
2;0;83;801;1409842056.746119540;1409842056.707596066;1605807;-1;1;0;3
2;0;84;801;1409842056.746952746;1409842056.707600745;1605807;-1;1;0;3
2;0;85;801;1409842056.747793356;1409842056.707605564;1605807;-1;1;0;3
2;0;86;801;1409842056.748586055;1409842056.707611012;1605807;-1;1;0;3
2;0;87;801;1409842056.749473388;1409842056.707616180;1605807;-1;1;0;3
2;0;88;801;1409842056.750309807;1409842056.707621069;1605807;-1;1;0;3
2;0;89;801;1409842056.751145877;1409842056.707625888;1605807;-1;1;0;3
2;0;90;801;1409842056.751983344;1409842056.707630916;1605807;-1;1;0;3
2;0;91;801;1409842056.752824163;1409842056.707635875;1605807;-1;1;0;3
2;0;92;801;1409842056.753600659;1409842056.707640136;1605807;-1;1;0;3
2;0;93;801;1409842056.754471580;1409842056.707644815;1605807;-1;1;0;3
2;0;94;801;1409842056.755324062;1409842056.707648936;1605807;-1;1;0;3
2;0;95;801;1409842056.756163205;1409842056.707653196;1605807;-1;1;0;3
2;0;96;801;1409842056.757062691;1409842056.707658085;1605807;-1;1;0;3
2;0;97;801;1409842056.757813276;1409842056.707662555;1605807;-1;1;0;3
2;0;98;801;1409842056.758650393;1409842056.707666885;1605807;-1;1;0;3
2;0;99;801;1409842056.759524666;1409842056.707671564;1605807;-1;1;0;3
2;0;100;801;1409842056.760375962;1409842056.707675894;1605807;-1;1;0;3
2;0;101;801;1409842056.761180184;1409842056.707680155;1605807;-1;1;0;3
2;0;102;801;1409842056.761994394;1409842056.707684834;1605807;-1;1;0;3
2;0;103;801;1409842056.762830045;1409842056.707689583;1605807;-1;1;0;3
2;0;104;801;1409842056.763667721;1409842056.707694542;1605807;-1;1;0;3
2;0;105;801;1409842056.764506305;1409842056.707699570;1605807;-1;1;0;3
2;0;106;801;1409842056.765399156;1409842056.707704180;1605807;-1;1;0;3
2;0;107;801;1409842056.766330071;1409842056.707710326;1605807;-1;1;0;3
2;0;108;801;1409842056.767151195;1409842056.707715005;1605807;-1;1;0;3
2;0;109;801;1409842056.767986008;1409842056.707719685;1605807;-1;1;0;3
2;0;110;801;1409842056.768834789;1409842056.707724224;1605807;-1;1;0;3
2;0;111;801;1409842056.769704173;1409842056.707728694;1605807;-1;1;0;3
2;0;112;801;1409842056.770429405;1409842056.707733024;1605807;-1;1;0;3
2;0;113;801;1409842056.771337202;1409842056.707737564;1605807;-1;1;0;3
2;0;114;801;1409842056.772112720;1409842056.707742034;1605807;-1;1;0;3
2;0;115;801;1409842056.772946136;1409842056.707746224;1605807;-1;1;0;3
2;0;116;801;1409842056.773766282;1409842056.707751113;1605807;-1;1;0;3
2;0;117;801;1409842056.774687209;1409842056.739400948;1605807;-1;1;0;3
2;0;118;801;1409842056.775521743;1409842056.739420713;1605807;-1;1;0;3
2;0;119;801;1409842056.776358651;1409842056.739434891;1605807;-1;1;0;3
2;0;120;801;1409842056.777209667;1409842056.739441316;1605807;-1;1;0;3
2;0;121;801;1409842056.777973102;1409842056.739447742;1605807;-1;1;0;3
2;0;122;801;1409842056.778874613;1409842056.739454796;1605807;-1;1;0;3
2;0;123;801;1409842056.779711731;1409842056.739461501;1605807;-1;1;0;3
2;0;124;801;1409842056.780547312;1409842056.739467856;1605807;-1;1;0;3
2;0;125;801;1409842056.781392531;1409842056.739474421;1605807;-1;1;0;3
2;0;126;801;1409842056.782223293;1409842056.739481126;1605807;-1;1;0;3
2;0;127;801;1409842056.783083039;1409842056.739487342;1605807;-1;1;0;3
2;0;128;801;1409842056.783910798;1409842056.739494116;1605807;-1;1;0;3
2;0;129;801;1409842056.784735903;1409842056.739500402;1605807;-1;1;0;3
2;0;130;801;1409842056.785578748;1409842056.739506129;1605807;-1;1;0;3
2;0;131;801;1409842056.786409300;1409842056.739512066;1605807;-1;1;0;3
2;0;132;801;1409842056.787247046;1409842056.739517932;1605807;-1;1;0;3
2;0;133;801;1409842056.788129631;1409842056.739523589;1605807;-1;1;0;3
2;0;134;801;1409842056.788863942;1409842056.739529107;1605807;-1;1;0;3
2;0;135;801;1409842056.789637085;1409842056.739534485;1605807;-1;1;0;3
2;0;136;801;1409842056.790504863;1409842056.739540072;1605807;-1;1;0;3
2;0;137;801;1409842056.791446743;1409842056.739545589;1605807;-1;1;0;3
2;0;138;801;1409842056.792274501;1409842056.739551177;1605807;-1;1;0;3
2;0;139;801;1409842056.793031511;1409842056.739556904;1605807;-1;1;0;3
2;0;140;801;1409842056.793964800;1409842056.739562212;1605807;-1;1;0;3
2;0;141;801;1409842056.795085334;1409842056.739567869;1605807;-1;1;0;3
2;0;142;801;1409842056.795568775;1409842056.739573456;1605807;-1;1;0;3
2;0;143;801;1409842056.796388851;1409842056.739579183;1605807;-1;1;0;3
2;0;144;801;1409842056.797258794;1409842056.739584770;1605807;-1;1;0;3
2;0;145;801;1409842056.797998134;1409842056.739590428;1605807;-1;1;0;3
2;0;146;801;1409842056.798931773;1409842056.739595945;1605807;-1;1;0;3
2;0;147;801;1409842056.799672020;1409842056.739601393;1605807;-1;1;0;3
2;0;148;801;1409842056.800500757;1409842056.739606980;1605807;-1;1;0;3
2;0;149;801;1409842056.801412535;1409842056.739612916;1605807;-1;1;0;3
2;0;150;801;1409842056.802317957;1409842056.739618783;1605807;-1;1;0;3
2;0;151;801;1409842056.803582434;1409842056.739624510;1605807;-1;1;0;3
2;0;152;801;1409842056.803875907;1409842056.739630097;1605807;-1;1;0;3
2;0;153;801;1409842056.804728459;1409842056.739635615;1605807;-1;1;0;3
2;0;154;801;1409842056.805526047;1409842056.739650142;1605807;-1;1;0;3
2;0;155;801;1409842056.806425253;1409842056.771365627;1605807;-1;1;0;3
2;0;156;801;1409842056.807236739;1409842056.771396707;1605807;-1;1;0;3
2;0;157;801;1409842056.808049343;1409842056.771409558;1605807;-1;1;0;3
2;0;158;801;1409842056.808896867;1409842056.771421710;1605807;-1;1;0;3
2;0;159;801;1409842056.809731051;1409842056.771435329;1605807;-1;1;0;3
2;0;160;801;1409842056.810577737;1409842056.771448040;1605807;-1;1;0;3
2;0;161;801;1409842056.811444746;1409842056.771460542;1605807;-1;1;0;3
2;0;162;801;1409842056.812344582;1409842056.771473812;1605807;-1;1;0;3
2;0;163;801;1409842056.813091325;1409842056.771485894;1605807;-1;1;0;3
2;0;164;801;1409842056.813986550;1409842056.771500770;1605807;-1;1;0;3
2;0;165;801;1409842056.814788677;1409842056.771513481;1605807;-1;1;0;3
2;0;166;801;1409842056.815578373;1409842056.771526262;1605807;-1;1;0;3
2;0;167;801;1409842056.816489382;1409842056.771538345;1605807;-1;1;0;3
2;0;168;801;1409842056.817418690;1409842056.771548751;1605807;-1;1;0;3
2;0;169;801;1409842056.818238278;1409842056.771558948;1605807;-1;1;0;3
2;0;170;801;1409842056.819073789;1409842056.771569005;1605807;-1;1;0;3
2;0;171;801;1409842056.819957631;1409842056.771579342;1605807;-1;1;0;3
2;0;172;801;1409842056.820757313;1409842056.771589329;1605807;-1;1;0;3
2;0;173;801;1409842056.821594780;1409842056.771599316;1605807;-1;1;0;3
2;0;174;801;1409842056.822426869;1409842056.771609583;1605807;-1;1;0;3
2;0;175;801;1409842056.823260215;1409842056.771619640;1605807;-1;1;0;3
2;0;176;801;1409842056.824099987;1409842056.771629697;1605807;-1;1;0;3
2;0;177;801;1409842056.824854343;1409842056.771639685;1605807;-1;1;0;3
2;0;178;801;1409842056.825685594;1409842056.771650859;1605807;-1;1;0;3
2;0;179;801;1409842056.826483810;1409842056.771661824;1605807;-1;1;0;3
2;0;180;801;1409842056.827466058;1409842056.771676351;1605807;-1;1;0;3
2;0;181;801;1409842056.828292280;1409842056.771687247;1605807;-1;1;0;3
2;0;182;801;1409842056.829133798;1409842056.771697513;1605807;-1;1;0;3
2;0;183;801;1409842056.829960649;1409842056.771707850;1605807;-1;1;0;3
2;0;184;801;1409842056.830718915;1409842056.771718885;1605807;-1;1;0;3
2;0;185;801;1409842056.831637677;1409842056.771730199;1605807;-1;1;0;3
2;0;186;801;1409842056.832477938;1409842056.771740745;1605807;-1;1;0;3
2;0;187;801;1409842056.833315684;1409842056.771751221;1605807;-1;1;0;3
2;0;188;801;1409842056.834149240;1409842056.771762466;1605807;-1;1;0;3
2;0;189;801;1409842056.834987684;1409842056.771773431;1605807;-1;1;0;3
2;0;190;801;1409842056.835721367;1409842056.771783977;1605807;-1;1;0;3
2;0;191;801;1409842056.836540326;1409842056.771794662;1605807;-1;1;0;3
2;0;192;801;1409842056.837506790;1409842056.771804720;1605807;-1;1;0;3
2;0;193;801;1409842056.838339507;1409842056.803115545;1605807;-1;1;0;3
2;0;194;801;1409842056.839172644;1409842056.803147113;1605807;-1;1;0;3
2;0;195;801;1409842056.840014231;1409842056.803160942;1605807;-1;1;0;3
2;0;196;801;1409842056.840851140;1409842056.803175189;1605807;-1;1;0;3
2;0;197;801;1409842056.841686581;1409842056.803187621;1605807;-1;1;0;3
2;0;198;801;1409842056.842522861;1409842056.803200472;1605807;-1;1;0;3
2;0;199;801;1409842056.843285737;1409842056.803213323;1605807;-1;1;0;3
2;0;200;801;1409842056.844209039;1409842056.803227361;1605807;-1;1;0;3
2;0;201;801;1409842056.845043921;1409842056.803239513;1605807;-1;1;0;3
2;0;202;801;1409842056.845871471;1409842056.803251526;1605807;-1;1;0;3
2;0;203;801;1409842056.846673318;1409842056.803265285;1605807;-1;1;0;3
2;0;204;801;1409842056.847565122;1409842056.803278205;1605807;-1;1;0;3
2;0;205;801;1409842056.848269681;1409842056.803290218;1605807;-1;1;0;3
2;0;206;801;1409842056.849113713;1409842056.803300554;1605807;-1;1;0;3
2;0;207;801;1409842056.849991548;1409842056.803311939;1605807;-1;1;0;3
2;0;208;801;1409842056.850832297;1409842056.803322764;1605807;-1;1;0;3
2;0;209;801;1409842056.851749592;1409842056.803334427;1605807;-1;1;0;3
2;0;210;801;1409842056.852577910;1409842056.803344764;1605807;-1;1;0;3
2;0;211;801;1409842056.853419498;1409842056.803355450;1605807;-1;1;0;3
2;0;212;801;1409842056.854250190;1409842056.803365856;1605807;-1;1;0;3
2;0;213;801;1409842056.855087238;1409842056.803376332;1605807;-1;1;0;3
2;0;214;801;1409842056.855923377;1409842056.803386599;1605807;-1;1;0;3
2;0;215;801;1409842056.856766432;1409842056.803397285;1605807;-1;1;0;3
2;0;216;801;1409842056.857537479;1409842056.803408040;1605807;-1;1;0;3
2;0;217;801;1409842056.858470768;1409842056.803419215;1605807;-1;1;0;3
2;0;218;801;1409842056.859141035;1409842056.803429551;1605807;-1;1;0;3
2;0;219;801;1409842056.859998058;1409842056.803440586;1605807;-1;1;0;3
2;0;220;801;1409842056.860872890;1409842056.803452040;1605807;-1;1;0;3
2;0;221;801;1409842056.861669499;1409842056.803462516;1605807;-1;1;0;3
2;0;222;801;1409842056.862619969;1409842056.803472713;1605807;-1;1;0;3
2;0;223;801;1409842056.863454154;1409842056.803482770;1605807;-1;1;0;3
2;0;224;801;1409842056.864292808;1409842056.803493596;1605807;-1;1;0;3
2;0;225;801;1409842056.865086763;1409842056.803504421;1605807;-1;1;0;3
2;0;226;801;1409842056.865978776;1409842056.803514897;1605807;-1;1;0;3
2;0;227;801;1409842056.866812332;1409842056.803525723;1605807;-1;1;0;3
2;0;228;801;1409842056.867548319;1409842056.803537945;1605807;-1;1;0;3
2;0;229;801;1409842056.868413234;1409842056.803548212;1605807;-1;1;0;3
2;0;230;801;1409842056.869342821;1409842056.803558129;1605807;-1;1;0;3
2;0;231;801;1409842056.870193907;1409842056.835014084;1605807;-1;1;0;3
2;0;232;801;1409842056.871007768;1409842056.835045583;1605807;-1;1;0;3
2;0;233;801;1409842056.871838669;1409842056.835078618;1605807;-1;1;0;3
2;0;234;801;1409842056.872669851;1409842056.835095729;1605807;-1;1;0;3
2;0;235;801;1409842056.873518911;1409842056.835108580;1605807;-1;1;0;3
2;0;236;801;1409842056.874348975;1409842056.835120732;1605807;-1;1;0;3
2;0;237;801;1409842056.875187838;1409842056.835132745;1605807;-1;1;0;3
2;0;238;801;1409842056.876025305;1409842056.835146084;1605807;-1;1;0;3
2;0;239;801;1409842056.876864588;1409842056.835158237;1605807;-1;1;0;3
2;0;240;801;1409842056.877701845;1409842056.835170389;1605807;-1;1;0;3
2;0;241;801;1409842056.878484696;1409842056.835182123;1605807;-1;1;0;3
2;0;242;801;1409842056.879377757;1409842056.835196161;1605807;-1;1;0;3
2;0;243;801;1409842056.880210684;1409842056.835208034;1605807;-1;1;0;3
2;0;244;801;1409842056.881055903;1409842056.835219557;1605807;-1;1;0;3
2;0;245;801;1409842056.881887433;1409842056.835232757;1605807;-1;1;0;3
2;0;246;801;1409842056.882724341;1409842056.835243653;1605807;-1;1;0;3
2;0;247;801;1409842056.883568862;1409842056.835253989;1605807;-1;1;0;3
2;0;248;801;1409842056.884399554;1409842056.835265234;1605807;-1;1;0;3
2;0;249;801;1409842056.885242958;1409842056.835276269;1605807;-1;1;0;3
2;0;250;801;1409842056.886073650;1409842056.835286326;1605807;-1;1;0;3
2;0;251;801;1409842056.886911815;1409842056.835296523;1605807;-1;1;0;3
2;0;252;801;1409842056.887748374;1409842056.835306789;1605807;-1;1;0;3
2;0;253;801;1409842056.888585771;1409842056.835316777;1605807;-1;1;0;3
2;0;254;801;1409842056.889426101;1409842056.835327043;1605807;-1;1;0;3
2;0;255;801;1409842056.890261333;1409842056.835337240;1605807;-1;1;0;3
2;0;256;801;1409842056.891096146;1409842056.835347716;1605807;-1;1;0;3
2;0;257;801;1409842056.891935010;1409842056.835357843;1605807;-1;1;0;3
2;0;258;801;1409842056.892774642;1409842056.835367761;1605807;-1;1;0;3
2;0;259;801;1409842056.893614553;1409842056.835377958;1605807;-1;1;0;3
2;0;260;801;1409842056.894378407;1409842056.835396675;1605807;-1;1;0;3
2;0;261;801;1409842056.895217131;1409842056.835407361;1605807;-1;1;0;3
2;0;262;801;1409842056.896064027;1409842056.835417767;1605807;-1;1;0;3
2;0;263;801;1409842056.896974268;1409842056.835428732;1605807;-1;1;0;3
2;0;264;801;1409842056.897689722;1409842056.835440256;1605807;-1;1;0;3
2;0;265;801;1409842056.898563367;1409842056.835451011;1605807;-1;1;0;3
2;0;266;801;1409842056.899451469;1409842056.835461488;1605807;-1;1;0;3
2;0;267;801;1409842056.900239278;1409842056.835471265;1605807;-1;1;0;3
2;0;268;801;1409842056.901099932;1409842056.835481392;1605807;-1;1;0;3
2;0;269;801;1409842056.902003958;1409842056.866840129;1605807;-1;1;0;3
2;0;270;801;1409842056.902824174;1409842056.866871488;1605807;-1;1;0;3
2;0;271;801;1409842056.903660733;1409842056.866885945;1605807;-1;1;0;3
2;0;272;801;1409842056.904497012;1409842056.866898865;1605807;-1;1;0;3
2;0;273;801;1409842056.905271063;1409842056.866911018;1605807;-1;1;0;3
2;0;274;801;1409842056.906181375;1409842056.866923240;1605807;-1;1;0;3
2;0;275;801;1409842056.906922251;1409842056.866936510;1605807;-1;1;0;3
2;0;276;801;1409842056.907719559;1409842056.866953132;1605807;-1;1;0;3
2;0;277;801;1409842056.908547388;1409842056.866965843;1605807;-1;1;0;3
2;0;278;801;1409842056.909384156;1409842056.866977926;1605807;-1;1;0;3
2;0;279;801;1409842056.910256963;1409842056.866990078;1605807;-1;1;0;3
2;0;280;801;1409842056.911130957;1409842056.867003488;1605807;-1;1;0;3
2;0;281;801;1409842056.911961300;1409842056.867015361;1605807;-1;1;0;3
2;0;282;801;1409842056.912900665;1409842056.867026326;1605807;-1;1;0;3
2;0;283;801;1409842056.913715782;1409842056.867036522;1605807;-1;1;0;3
2;0;284;801;1409842056.914547103;1409842056.867048116;1605807;-1;1;0;3
2;0;285;801;1409842056.915315986;1409842056.867058522;1605807;-1;1;0;3
2;0;286;801;1409842056.916229789;1409842056.867068859;1605807;-1;1;0;3
2;0;287;801;1409842056.917071936;1409842056.867078986;1605807;-1;1;0;3
2;0;288;801;1409842056.917897739;1409842056.867089322;1605807;-1;1;0;3
2;0;289;801;1409842056.918741282;1409842056.867099380;1605807;-1;1;0;3
2;0;290;801;1409842056.919570647;1409842056.867109507;1605807;-1;1;0;3
2;0;291;801;1409842056.920430323;1409842056.867120751;1605807;-1;1;0;3
2;0;292;801;1409842056.921136628;1409842056.867131297;1605807;-1;1;0;3
2;0;293;801;1409842056.921971930;1409842056.867141703;1605807;-1;1;0;3
2;0;294;801;1409842056.922854235;1409842056.867151970;1605807;-1;1;0;3
2;0;295;801;1409842056.923773416;1409842056.867162167;1605807;-1;1;0;3
2;0;296;801;1409842056.924602712;1409842056.867172224;1605807;-1;1;0;3
2;0;297;801;1409842056.925439969;1409842056.867182491;1605807;-1;1;0;3
2;0;298;801;1409842056.926273874;1409842056.867192688;1605807;-1;1;0;3
2;0;299;801;1409842056.927111969;1409842056.867204211;1605807;-1;1;0;3
2;0;300;801;1409842056.927946992;1409842056.867216224;1605807;-1;1;0;3
2;0;301;801;1409842056.928787322;1409842056.867227049;1605807;-1;1;0;3
2;0;302;801;1409842056.929623881;1409842056.867239202;1605807;-1;1;0;3
2;0;303;801;1409842056.930460160;1409842056.867249957;1605807;-1;1;0;3
2;0;304;801;1409842056.931241335;1409842056.867260853;1605807;-1;1;0;3
2;0;305;801;1409842056.932062389;1409842056.867271189;1605807;-1;1;0;3
2;0;306;801;1409842056.932985551;1409842056.867281316;1605807;-1;1;0;3
2;0;307;801;1409842056.933817082;1409842056.898628110;1605807;-1;1;0;3
2;0;308;801;1409842056.934647355;1409842056.898656745;1605807;-1;1;0;3
2;0;309;801;1409842056.935491247;1409842056.898669945;1605807;-1;1;0;3
2;0;310;801;1409842056.936325641;1409842056.898682446;1605807;-1;1;0;3
2;0;311;801;1409842056.937167019;1409842056.898716319;1605807;-1;1;0;3
2;0;312;801;1409842056.938000505;1409842056.898731126;1605807;-1;1;0;3
2;0;313;801;1409842056.938835318;1409842056.898743627;1605807;-1;1;0;3
2;0;314;801;1409842056.939676486;1409842056.898755780;1605807;-1;1;0;3
2;0;315;801;1409842056.940515699;1409842056.898767862;1605807;-1;1;0;3
2;0;316;801;1409842056.941357915;1409842056.898780503;1605807;-1;1;0;3
2;0;317;801;1409842056.942134899;1409842056.898792586;1605807;-1;1;0;3
2;0;318;801;1409842056.943026144;1409842056.898805507;1605807;-1;1;0;3
2;0;319;801;1409842056.943865776;1409842056.898817449;1605807;-1;1;0;3
2;0;320;801;1409842056.944700589;1409842056.898828414;1605807;-1;1;0;3
2;0;321;801;1409842056.945543363;1409842056.898838751;1605807;-1;1;0;3
2;0;322;801;1409842056.946375802;1409842056.898849157;1605807;-1;1;0;3
2;0;323;801;1409842056.947212849;1409842056.898859634;1605807;-1;1;0;3
2;0;324;801;1409842056.947970069;1409842056.898869900;1605807;-1;1;0;3
2;0;325;801;1409842056.948822831;1409842056.898880307;1605807;-1;1;0;3
2;0;326;801;1409842056.949605123;1409842056.898891551;1605807;-1;1;0;3
2;0;327;801;1409842056.950482190;1409842056.898902097;1605807;-1;1;0;3
2;0;328;801;1409842056.951311276;1409842056.898912922;1605807;-1;1;0;3
2;0;329;801;1409842056.952139663;1409842056.898924376;1605807;-1;1;0;3
2;0;330;801;1409842056.952950241;1409842056.898934503;1605807;-1;1;0;3
2;0;331;801;1409842056.953782540;1409842056.898944840;1605807;-1;1;0;3
2;0;332;801;1409842056.954619238;1409842056.898955316;1605807;-1;1;0;3
2;0;333;801;1409842056.955440502;1409842056.898967329;1605807;-1;1;0;3
2;0;334;801;1409842056.956281810;1409842056.898979341;1605807;-1;1;0;3
2;0;335;801;1409842056.957132896;1409842056.898990237;1605807;-1;1;0;3
2;0;336;801;1409842056.957945290;1409842056.899000853;1605807;-1;1;0;3
2;0;337;801;1409842056.958778566;1409842056.899011399;1605807;-1;1;0;3
2;0;338;801;1409842056.959615544;1409842056.899022364;1605807;-1;1;0;3
2;0;339;801;1409842056.960481227;1409842056.899032910;1605807;-1;1;0;3
2;0;340;801;1409842056.961360598;1409842056.899043176;1605807;-1;1;0;3
2;0;341;801;1409842056.962195900;1409842056.899053373;1605807;-1;1;0;3
2;0;342;801;1409842056.963036929;1409842056.899063570;1605807;-1;1;0;3
2;0;343;801;1409842056.963870834;1409842056.899073907;1605807;-1;1;0;3
2;0;344;801;1409842056.964675685;1409842056.899084453;1605807;-1;1;0;3
2;0;345;801;1409842056.965518599;1409842056.930487608;1605807;-1;1;0;3
2;0;346;801;1409842056.966383513;1409842056.930520154;1605807;-1;1;0;3
2;0;347;801;1409842056.967225520;1409842056.930533983;1605807;-1;1;0;3
2;0;348;801;1409842056.968058657;1409842056.930546135;1605807;-1;1;0;3
2;0;349;801;1409842056.968898638;1409842056.930560313;1605807;-1;1;0;3
2;0;350;801;1409842056.969694689;1409842056.930574281;1605807;-1;1;0;3
2;0;351;801;1409842056.970534041;1409842056.930586573;1605807;-1;1;0;3
2;0;352;801;1409842056.971408454;1409842056.930598516;1605807;-1;1;0;3
2;0;353;801;1409842056.972249343;1409842056.930610110;1605807;-1;1;0;3
2;0;354;801;1409842056.973083947;1409842056.930622821;1605807;-1;1;0;3
2;0;355;801;1409842056.973921483;1409842056.930635392;1605807;-1;1;0;3
2;0;356;801;1409842056.974761115;1409842056.930648662;1605807;-1;1;0;3
2;0;357;801;1409842056.975560169;1409842056.930660256;1605807;-1;1;0;3
2;0;358;801;1409842056.976435630;1409842056.930671500;1605807;-1;1;0;3
2;0;359;801;1409842056.977272468;1409842056.930681767;1605807;-1;1;0;3
2;0;360;801;1409842056.978114125;1409842056.930691824;1605807;-1;1;0;3
2;0;361;801;1409842056.978944818;1409842056.930702510;1605807;-1;1;0;3
2;0;362;801;1409842056.979747434;1409842056.930712986;1605807;-1;1;0;3
2;0;363;801;1409842056.980588951;1409842056.930723252;1605807;-1;1;0;3
2;0;364;801;1409842056.981470278;1409842056.930733379;1605807;-1;1;0;3
2;0;365;801;1409842056.982298247;1409842056.930743506;1605807;-1;1;0;3
2;0;366;801;1409842056.983135923;1409842056.930753633;1605807;-1;1;0;3
2;0;367;801;1409842056.983973949;1409842056.930763760;1605807;-1;1;0;3
2;0;368;801;1409842056.984821473;1409842056.930774027;1605807;-1;1;0;3
2;0;369;801;1409842056.985612216;1409842056.930784294;1605807;-1;1;0;3
2;0;370;801;1409842056.986479435;1409842056.930794141;1605807;-1;1;0;3
2;0;371;801;1409842056.987323327;1409842056.930806643;1605807;-1;1;0;3
2;0;372;801;1409842056.988157721;1409842056.930816979;1605807;-1;1;0;3
2;0;373;801;1409842056.988997702;1409842056.930827037;1605807;-1;1;0;3
2;0;374;801;1409842056.989835239;1409842056.930837164;1605807;-1;1;0;3
2;0;375;801;1409842056.990636877;1409842056.930848129;1605807;-1;1;0;3
2;0;376;801;1409842056.991480071;1409842056.930859164;1605807;-1;1;0;3
2;0;377;801;1409842056.992348407;1409842056.930870478;1605807;-1;1;0;3
2;0;378;801;1409842056.993187271;1409842056.930881513;1605807;-1;1;0;3
2;0;379;801;1409842056.994020687;1409842056.930892199;1605807;-1;1;0;3
2;0;380;801;1409842056.994807868;1409842056.930902395;1605807;-1;1;0;3
2;0;381;801;1409842056.995645894;1409842056.930912592;1605807;-1;1;0;3
2;0;382;801;1409842056.996484478;1409842056.930924116;1605807;-1;1;0;3
2;0;383;801;1409842056.997376072;1409842056.962230122;1605807;-1;1;0;3
2;0;384;801;1409842056.998146491;1409842056.962250306;1605807;-1;1;0;3
2;0;385;801;1409842056.998981094;1409842056.962256033;1605807;-1;1;0;3
2;0;386;801;1409842056.999816187;1409842056.962261481;1605807;-1;1;0;3
2;0;387;801;1409842057.684942;1409842056.962266998;1605807;-1;1;0;3
2;0;388;801;1409842057.1533654;1409842056.962272236;1605807;-1;1;0;3
2;0;389;801;1409842057.2397241;1409842056.962277405;1605807;-1;1;0;3
2;0;390;801;1409842057.3233660;1409842056.962290744;1605807;-1;1;0;3
2;0;391;801;1409842057.4072245;1409842056.962297449;1605807;-1;1;0;3
2;0;392;801;1409842057.4911108;1409842056.962302967;1605807;-1;1;0;3
2;0;393;801;1409842057.5744455;1409842056.962308275;1605807;-1;1;0;3
2;0;394;801;1409842057.6546931;1409842056.962313792;1605807;-1;1;0;3
2;0;395;801;1409842057.7357788;1409842056.962319240;1605807;-1;1;0;3
2;0;396;801;1409842057.8249592;1409842056.962324198;1605807;-1;1;0;3
2;0;397;801;1409842057.9040963;1409842056.962329367;1605807;-1;1;0;3
2;0;398;801;1409842057.9937586;1409842056.962334535;1605807;-1;1;0;3
2;0;399;801;1409842057.10773097;1409842056.962339354;1605807;-1;1;0;3
2;0;400;801;1409842057.11561046;1409842056.962344173;1605807;-1;1;0;3
2;0;401;801;1409842057.12449078;1409842056.962348992;1605807;-1;1;0;3
2;0;402;801;1409842057.13286056;1409842056.962354160;1605807;-1;1;0;3
2;0;403;801;1409842057.14125478;1409842056.962359049;1605807;-1;1;0;3
2;0;404;801;1409842057.14959383;1409842056.962363798;1605807;-1;1;0;3
2;0;405;801;1409842057.15798177;1409842056.962368967;1605807;-1;1;0;3
2;0;406;801;1409842057.16602260;1409842056.962373856;1605807;-1;1;0;3
2;0;407;801;1409842057.17489524;1409842056.962378535;1605807;-1;1;0;3
2;0;408;801;1409842057.18306457;1409842056.962384122;1605807;-1;1;0;3
2;0;409;801;1409842057.19145391;1409842056.962389290;1605807;-1;1;0;3
2;0;410;801;1409842057.19984394;1409842056.962394389;1605807;-1;1;0;3
2;0;411;801;1409842057.20820883;1409842056.962399208;1605807;-1;1;0;3
2;0;412;801;1409842057.21626991;1409842056.962404097;1605807;-1;1;0;3
2;0;413;801;1409842057.22428280;1409842056.962408846;1605807;-1;1;0;3
2;0;414;801;1409842057.23339918;1409842056.962414014;1605807;-1;1;0;3
2;0;415;801;1409842057.24174661;1409842056.962419043;1605807;-1;1;0;3
2;0;416;801;1409842057.25014922;1409842056.962423932;1605807;-1;1;0;3
2;0;417;801;1409842057.25848897;1409842056.962429100;1605807;-1;1;0;3
2;0;418;801;1409842057.26653538;1409842056.962434198;1605807;-1;1;0;3
2;0;419;801;1409842057.27480738;1409842056.962439367;1605807;-1;1;0;3
2;0;420;801;1409842057.28362694;1409842056.962444325;1605807;-1;1;0;3
2;0;421;801;1409842057.29204212;1409842056.994038706;1605807;-1;1;0;3
2;0;422;801;1409842057.30041329;1409842056.994049881;1605807;-1;1;0;3
2;0;423;801;1409842057.30877958;1409842056.994058052;1605807;-1;1;0;3
2;0;424;801;1409842057.31676733;1409842056.994070694;1605807;-1;1;0;3
2;0;425;801;1409842057.32515526;1409842056.994076071;1605807;-1;1;0;3
2;0;426;801;1409842057.33389031;1409842056.994081589;1605807;-1;1;0;3
2;0;427;801;1409842057.34225940;1409842056.994087036;1605807;-1;1;0;3
2;0;428;801;1409842057.35063965;1409842056.994092484;1605807;-1;1;0;3
2;0;429;801;1409842057.35900105;1409842056.994097722;1605807;-1;1;0;3
2;0;430;801;1409842057.36700765;1409842056.994103030;1605807;-1;1;0;3
2;0;431;801;1409842057.37542772;1409842056.994108268;1605807;-1;1;0;3
2;0;432;801;1409842057.38414740;1409842056.994113646;1605807;-1;1;0;3
2;0;433;801;1409842057.39249693;1409842056.994118605;1605807;-1;1;0;3
2;0;434;801;1409842057.40088836;1409842056.994123214;1605807;-1;1;0;3
2;0;435;801;1409842057.40925534;1409842056.994127824;1605807;-1;1;0;3
2;0;436;801;1409842057.41763839;1409842056.994132573;1605807;-1;1;0;3
2;0;437;801;1409842057.42563033;1409842056.994137252;1605807;-1;1;0;3
2;0;438;801;1409842057.43438075;1409842056.994142071;1605807;-1;1;0;3
2;0;439;801;1409842057.44278195;1409842056.994146681;1605807;-1;1;0;3
2;0;440;801;1409842057.45112450;1409842056.994151290;1605807;-1;1;0;3
2;0;441;801;1409842057.45941955;1409842056.994155760;1605807;-1;1;0;3
2;0;442;801;1409842057.46719567;1409842056.994160370;1605807;-1;1;0;3
2;0;443;801;1409842057.47578964;1409842056.994164979;1605807;-1;1;0;3
2;0;444;801;1409842057.48405047;1409842056.994169589;1605807;-1;1;0;3
2;0;445;801;1409842057.49258368;1409842056.994174059;1605807;-1;1;0;3
2;0;446;801;1409842057.50095485;1409842056.994178598;1605807;-1;1;0;3
2;0;447;801;1409842057.50932463;1409842056.994183138;1605807;-1;1;0;3
2;0;448;801;1409842057.51769022;1409842056.994187817;1605807;-1;1;0;3
2;0;449;801;1409842057.52607816;1409842056.994192357;1605807;-1;1;0;3
2;0;450;801;1409842057.53412807;1409842056.994196897;1605807;-1;1;0;3
2;0;451;801;1409842057.54275067;1409842056.994201436;1605807;-1;1;0;3
2;0;452;801;1409842057.55091163;1409842056.994206046;1605807;-1;1;0;3
2;0;453;801;1409842057.55928630;1409842056.994210795;1605807;-1;1;0;3
2;0;454;801;1409842057.56778388;1409842056.994215894;1605807;-1;1;0;3
2;0;455;801;1409842057.57623049;1409842056.994220713;1605807;-1;1;0;3
2;0;456;801;1409842057.58460795;1409842056.994225532;1605807;-1;1;0;3
2;0;457;801;1409842057.59334440;1409842056.994230211;1605807;-1;1;0;3
2;0;458;801;1409842057.60186364;1409842056.994234821;1605807;-1;1;0;3
2;0;459;801;1409842057.61025367;1409842057.25866287;1605807;-1;1;0;3
2;0;460;801;1409842057.61859202;1409842057.25878998;1605807;-1;1;0;3
2;0;461;801;1409842057.62665240;1409842057.25892897;1605807;-1;1;0;3
2;0;462;801;1409842057.63485107;1409842057.25898484;1605807;-1;1;0;3
2;0;463;801;1409842057.64373907;1409842057.25903862;1605807;-1;1;0;3
2;0;464;801;1409842057.65213679;1409842057.25909379;1605807;-1;1;0;3
2;0;465;801;1409842057.66046466;1409842057.25914897;1605807;-1;1;0;3
2;0;466;801;1409842057.66886308;1409842057.25920135;1605807;-1;1;0;3
2;0;467;801;1409842057.67688714;1409842057.25925722;1605807;-1;1;0;3
2;0;468;801;1409842057.68509489;1409842057.25931309;1605807;-1;1;0;3
2;0;469;801;1409842057.69397312;1409842057.25941227;1605807;-1;1;0;3
2;0;470;801;1409842057.70233940;1409842057.25947512;1605807;-1;1;0;3
2;0;471;801;1409842057.71070359;1409842057.25952820;1605807;-1;1;0;3
2;0;472;801;1409842057.71910690;1409842057.25957500;1605807;-1;1;0;3
2;0;473;801;1409842057.72749414;1409842057.25962109;1605807;-1;1;0;3
2;0;474;801;1409842057.73569979;1409842057.25966649;1605807;-1;1;0;3
2;0;475;801;1409842057.74423090;1409842057.25971747;1605807;-1;1;0;3
2;0;476;801;1409842057.75258183;1409842057.25976497;1605807;-1;1;0;3
2;0;477;801;1409842057.76098373;1409842057.25981106;1605807;-1;1;0;3
2;0;478;801;1409842057.76934792;1409842057.25985646;1605807;-1;1;0;3
2;0;479;801;1409842057.77772888;1409842057.25990186;1605807;-1;1;0;3
2;0;480;801;1409842057.78566145;1409842057.25995005;1605807;-1;1;0;3
2;0;481;801;1409842057.79449637;1409842057.25999614;1605807;-1;1;0;3
2;0;482;801;1409842057.80287314;1409842057.26004224;1605807;-1;1;0;3
2;0;483;801;1409842057.81123873;1409842057.26009113;1605807;-1;1;0;3
2;0;484;801;1409842057.81962038;1409842057.26013722;1605807;-1;1;0;3
2;0;485;801;1409842057.82796432;1409842057.26018262;1605807;-1;1;0;3
2;0;486;801;1409842057.83585010;1409842057.26023081;1605807;-1;1;0;3
2;0;487;801;1409842057.84471645;1409842057.26027830;1605807;-1;1;0;3
2;0;488;801;1409842057.85312743;1409842057.26032439;1605807;-1;1;0;3
2;0;489;801;1409842057.86146439;1409842057.26037049;1605807;-1;1;0;3
2;0;490;801;1409842057.86984394;1409842057.26041519;1605807;-1;1;0;3
2;0;491;801;1409842057.87825633;1409842057.26046198;1605807;-1;1;0;3
2;0;492;801;1409842057.88624617;1409842057.26050738;1605807;-1;1;0;3
2;0;493;801;1409842057.89458731;1409842057.26055208;1605807;-1;1;0;3
2;0;494;801;1409842057.90335798;1409842057.26059957;1605807;-1;1;0;3
2;0;495;801;1409842057.91174313;1409842057.26067290;1605807;-1;1;0;3
2;0;496;801;1409842057.92009335;1409842057.26072598;1605807;-1;1;0;3
2;0;497;801;1409842057.92849176;1409842057.57643163;1605807;-1;1;0;3
2;0;498;801;1409842057.93652142;1409842057.57655525;1605807;-1;1;0;3
2;0;499;801;1409842057.94476828;1409842057.57663836;1605807;-1;1;0;3
2;0;500;801;1409842057.95361507;1409842057.57672077;1605807;-1;1;0;3
2;0;501;801;1409842057.96198974;1409842057.57680389;1605807;-1;1;0;3
2;0;502;801;1409842057.97025615;1409842057.57688350;1605807;-1;1;0;3
2;0;503;801;1409842057.98063247;1409842057.57696522;1605807;-1;1;0;3
2;0;504;801;1409842057.98664232;1409842057.57704973;1605807;-1;1;0;3
2;0;505;801;1409842057.99497508;1409842057.57713004;1605807;-1;1;0;3
2;0;506;801;1409842057.100386448;1409842057.57721385;1605807;-1;1;0;3
2;0;507;801;1409842057.101222588;1409842057.57729417;1605807;-1;1;0;3
2;0;508;801;1409842057.102059985;1409842057.57737868;1605807;-1;1;0;3
2;0;509;801;1409842057.102901782;1409842057.57745550;1605807;-1;1;0;3
2;0;510;801;1409842057.103698740;1409842057.57752604;1605807;-1;1;0;3
2;0;511;801;1409842057.104540957;1409842057.57759798;1605807;-1;1;0;3
2;0;512;801;1409842057.105426474;1409842057.57766852;1605807;-1;1;0;3
2;0;513;801;1409842057.106248925;1409842057.57773697;1605807;-1;1;0;3
2;0;514;801;1409842057.107031147;1409842057.57780611;1605807;-1;1;0;3
2;0;515;801;1409842057.107924697;1409842057.57787455;1605807;-1;1;0;3
2;0;516;801;1409842057.108744005;1409842057.57794370;1605807;-1;1;0;3
2;0;517;801;1409842057.109550113;1409842057.57801004;1605807;-1;1;0;3
2;0;518;801;1409842057.110398824;1409842057.57808966;1605807;-1;1;0;3
2;0;519;801;1409842057.111277498;1409842057.57815951;1605807;-1;1;0;3
2;0;520;801;1409842057.112112729;1409842057.57823074;1605807;-1;1;0;3
2;0;521;801;1409842057.112900399;1409842057.57829919;1605807;-1;1;0;3
2;0;522;801;1409842057.113723339;1409842057.57836903;1605807;-1;1;0;3
2;0;523;801;1409842057.114592165;1409842057.57843817;1605807;-1;1;0;3
2;0;524;801;1409842057.115461759;1409842057.57850801;1605807;-1;1;0;3
2;0;525;801;1409842057.116296781;1409842057.57857646;1605807;-1;1;0;3
2;0;526;801;1409842057.117137042;1409842057.57864630;1605807;-1;1;0;3
2;0;527;801;1409842057.117973880;1409842057.57871614;1605807;-1;1;0;3
2;0;528;801;1409842057.118809461;1409842057.57878528;1605807;-1;1;0;3
2;0;529;801;1409842057.119614102;1409842057.57886001;1605807;-1;1;0;3
2;0;530;801;1409842057.120477341;1409842057.57893055;1605807;-1;1;0;3
2;0;531;801;1409842057.121327938;1409842057.57900039;1605807;-1;1;0;3
2;0;532;801;1409842057.122159468;1409842057.57907233;1605807;-1;1;0;3
2;0;533;801;1409842057.122996306;1409842057.57918757;1605807;-1;1;0;3
2;0;534;801;1409842057.123846205;1409842057.57922808;1605807;-1;1;0;3
2;0;535;801;1409842057.124625075;1409842057.89490858;1605807;-1;1;0;3
2;0;536;801;1409842057.125482865;1409842057.89496935;1605807;-1;1;0;3
2;0;537;801;1409842057.126347501;1409842057.89501474;1605807;-1;1;0;3
2;0;538;801;1409842057.127186015;1409842057.89506223;1605807;-1;1;0;3
2;0;539;801;1409842057.128021177;1409842057.89510833;1605807;-1;1;0;3
2;0;540;801;1409842057.128862206;1409842057.89515512;1605807;-1;1;0;3
2;0;541;801;1409842057.129666288;1409842057.89520262;1605807;-1;1;0;3
2;0;542;801;1409842057.130484758;1409842057.89524731;1605807;-1;1;0;3
2;0;543;801;1409842057.131371533;1409842057.89529271;1605807;-1;1;0;3
2;0;544;801;1409842057.132211724;1409842057.89533811;1605807;-1;1;0;3
2;0;545;801;1409842057.133052264;1409842057.89543938;1605807;-1;1;0;3
2;0;546;801;1409842057.133885889;1409842057.89548408;1605807;-1;1;0;3
2;0;547;801;1409842057.134686689;1409842057.89552598;1605807;-1;1;0;3
2;0;548;801;1409842057.135527928;1409842057.89560281;1605807;-1;1;0;3
2;0;549;801;1409842057.136398849;1409842057.89564820;1605807;-1;1;0;3
2;0;550;801;1409842057.137235547;1409842057.89568592;1605807;-1;1;0;3
2;0;551;801;1409842057.138073922;1409842057.89572293;1605807;-1;1;0;3
2;0;552;801;1409842057.138908176;1409842057.89576065;1605807;-1;1;0;3
2;0;553;801;1409842057.139715821;1409842057.89579836;1605807;-1;1;0;3
2;0;554;801;1409842057.140550983;1409842057.89583608;1605807;-1;1;0;3
2;0;555;801;1409842057.141424767;1409842057.89587309;1605807;-1;1;0;3
2;0;556;801;1409842057.142263072;1409842057.89591081;1605807;-1;1;0;3
2;0;557;801;1409842057.143097815;1409842057.89594852;1605807;-1;1;0;3
2;0;558;801;1409842057.143937587;1409842057.89598693;1605807;-1;1;0;3
2;0;559;801;1409842057.144772260;1409842057.89602395;1605807;-1;1;0;3
2;0;560;801;1409842057.145566146;1409842057.89606236;1605807;-1;1;0;3
2;0;561;801;1409842057.146446076;1409842057.89610008;1605807;-1;1;0;3
2;0;562;801;1409842057.147271181;1409842057.89613709;1605807;-1;1;0;3
2;0;563;801;1409842057.148128064;1409842057.89617411;1605807;-1;1;0;3
2;0;564;801;1409842057.148961270;1409842057.89622579;1605807;-1;1;0;3
2;0;565;801;1409842057.149801321;1409842057.89626420;1605807;-1;1;0;3
2;0;566;801;1409842057.150601912;1409842057.89630052;1605807;-1;1;0;3
2;0;567;801;1409842057.151476115;1409842057.89633684;1605807;-1;1;0;3
2;0;568;801;1409842057.152308902;1409842057.89637316;1605807;-1;1;0;3
2;0;569;801;1409842057.153150420;1409842057.89641087;1605807;-1;1;0;3
2;0;570;801;1409842057.153985303;1409842057.89644789;1605807;-1;1;0;3
2;0;571;801;1409842057.154824585;1409842057.89648560;1605807;-1;1;0;3
2;0;572;801;1409842057.155627970;1409842057.89652471;1605807;-1;1;0;3
2;0;573;801;1409842057.156477868;1409842057.121361252;1605807;-1;1;0;3
2;0;574;801;1409842057.157292218;1409842057.121375360;1605807;-1;1;0;3
2;0;575;801;1409842057.158127031;1409842057.121386115;1605807;-1;1;0;3
2;0;576;801;1409842057.159042091;1409842057.121394427;1605807;-1;1;0;3
2;0;577;801;1409842057.159849666;1409842057.121402598;1605807;-1;1;0;3
2;0;578;801;1409842057.160655495;1409842057.121410420;1605807;-1;1;0;3
2;0;579;801;1409842057.161480809;1409842057.121418592;1605807;-1;1;0;3
2;0;580;801;1409842057.162361368;1409842057.121426554;1605807;-1;1;0;3
2;0;581;801;1409842057.163201628;1409842057.121434585;1605807;-1;1;0;3
2;0;582;801;1409842057.164037140;1409842057.121442547;1605807;-1;1;0;3
2;0;583;801;1409842057.164874607;1409842057.121456096;1605807;-1;1;0;3
2;0;584;801;1409842057.165674848;1409842057.121460776;1605807;-1;1;0;3
2;0;585;801;1409842057.166516156;1409842057.121464966;1605807;-1;1;0;3
2;0;586;801;1409842057.167384982;1409842057.121469017;1605807;-1;1;0;3
2;0;587;801;1409842057.168224194;1409842057.121473277;1605807;-1;1;0;3
2;0;588;801;1409842057.169061382;1409842057.121477468;1605807;-1;1;0;3
2;0;589;801;1409842057.169895287;1409842057.121481449;1605807;-1;1;0;3
2;0;590;801;1409842057.170697344;1409842057.121485290;1605807;-1;1;0;3
2;0;591;801;1409842057.171524055;1409842057.121489271;1605807;-1;1;0;3
2;0;592;801;1409842057.172411459;1409842057.121493392;1605807;-1;1;0;3
2;0;593;801;1409842057.173248437;1409842057.121497233;1605807;-1;1;0;3
2;0;594;801;1409842057.174086183;1409842057.121501074;1605807;-1;1;0;3
2;0;595;801;1409842057.174903815;1409842057.121504915;1605807;-1;1;0;3
2;0;596;801;1409842057.175762374;1409842057.121508827;1605807;-1;1;0;3
2;0;597;801;1409842057.176563314;1409842057.121512947;1605807;-1;1;0;3
2;0;598;801;1409842057.177438006;1409842057.121517207;1605807;-1;1;0;3
2;0;599;801;1409842057.178276241;1409842057.121521328;1605807;-1;1;0;3
2;0;600;801;1409842057.179111124;1409842057.121525379;1605807;-1;1;0;3
2;0;601;801;1409842057.179948940;1409842057.121529150;1605807;-1;1;0;3
2;0;602;801;1409842057.180784730;1409842057.121533131;1605807;-1;1;0;3
2;0;603;801;1409842057.181590559;1409842057.121537601;1605807;-1;1;0;3
2;0;604;801;1409842057.182459664;1409842057.121541652;1605807;-1;1;0;3
2;0;605;801;1409842057.183299855;1409842057.121545493;1605807;-1;1;0;3
2;0;606;801;1409842057.184134528;1409842057.121549754;1605807;-1;1;0;3
2;0;607;801;1409842057.184973182;1409842057.121553944;1605807;-1;1;0;3
2;0;608;801;1409842057.185811976;1409842057.121558065;1605807;-1;1;0;3
2;0;609;801;1409842057.186613474;1409842057.121562115;1605807;-1;1;0;3
2;0;610;801;1409842057.187446541;1409842057.121566166;1605807;-1;1;0;3
2;0;611;801;1409842057.188322840;1409842057.153172490;1605807;-1;1;0;3
2;0;612;801;1409842057.189163170;1409842057.153184503;1605807;-1;1;0;3
2;0;613;801;1409842057.189999659;1409842057.153192814;1605807;-1;1;0;3
2;0;614;801;1409842057.190836916;1409842057.153200915;1605807;-1;1;0;3
2;0;615;801;1409842057.191640510;1409842057.153209087;1605807;-1;1;0;3
2;0;616;801;1409842057.192477418;1409842057.153217049;1605807;-1;1;0;3
2;0;617;801;1409842057.193350853;1409842057.153224941;1605807;-1;1;0;3
2;0;618;801;1409842057.194187482;1409842057.153232903;1605807;-1;1;0;3
2;0;619;801;1409842057.195025438;1409842057.153240865;1605807;-1;1;0;3
2;0;620;801;1409842057.195862555;1409842057.153248617;1605807;-1;1;0;3
2;0;621;801;1409842057.196668175;1409842057.153257068;1605807;-1;1;0;3
2;0;622;801;1409842057.197508435;1409842057.153265449;1605807;-1;1;0;3
2;0;623;801;1409842057.198384385;1409842057.153273131;1605807;-1;1;0;3
2;0;624;801;1409842057.199209629;1409842057.153280255;1605807;-1;1;0;3
2;0;625;801;1409842057.200048563;1409842057.153287798;1605807;-1;1;0;3
2;0;626;801;1409842057.200888404;1409842057.153294782;1605807;-1;1;0;3
2;0;627;801;1409842057.201686899;1409842057.153311055;1605807;-1;1;0;3
2;0;628;801;1409842057.202528627;1409842057.153315595;1605807;-1;1;0;3
2;0;629;801;1409842057.203397103;1409842057.153319645;1605807;-1;1;0;3
2;0;630;801;1409842057.204236735;1409842057.153323417;1605807;-1;1;0;3
2;0;631;801;1409842057.205073294;1409842057.153327328;1605807;-1;1;0;3
2;0;632;801;1409842057.205910900;1409842057.153331030;1605807;-1;1;0;3
2;0;633;801;1409842057.206686488;1409842057.153334871;1605807;-1;1;0;3
2;0;634;801;1409842057.207553428;1409842057.153338572;1605807;-1;1;0;3
2;0;635;801;1409842057.208379580;1409842057.153342344;1605807;-1;1;0;3
2;0;636;801;1409842057.209266285;1409842057.153346325;1605807;-1;1;0;3
2;0;637;801;1409842057.210100120;1409842057.153350096;1605807;-1;1;0;3
2;0;638;801;1409842057.210935631;1409842057.153353868;1605807;-1;1;0;3
2;0;639;801;1409842057.211737759;1409842057.153357639;1605807;-1;1;0;3
2;0;640;801;1409842057.212564610;1409842057.153361480;1605807;-1;1;0;3
2;0;641;801;1409842057.213450895;1409842057.153365392;1605807;-1;1;0;3
2;0;642;801;1409842057.214289061;1409842057.153369163;1605807;-1;1;0;3
2;0;643;801;1409842057.215111232;1409842057.153372934;1605807;-1;1;0;3
2;0;644;801;1409842057.215962528;1409842057.153376985;1605807;-1;1;0;3
2;0;645;801;1409842057.216800483;1409842057.153380896;1605807;-1;1;0;3
2;0;646;801;1409842057.217621538;1409842057.153384668;1605807;-1;1;0;3
2;0;647;801;1409842057.218489735;1409842057.153388369;1605807;-1;1;0;3
2;0;648;801;1409842057.219414852;1409842057.153392141;1605807;-1;1;0;3
2;0;649;801;1409842057.220244846;1409842057.184994903;1605807;-1;1;0;3
2;0;650;801;1409842057.221083989;1409842057.185006776;1605807;-1;1;0;3
2;0;651;801;1409842057.221840999;1409842057.185015017;1605807;-1;1;0;3
2;0;652;801;1409842057.222754243;1409842057.185023188;1605807;-1;1;0;3
2;0;653;801;1409842057.223592618;1409842057.185031918;1605807;-1;1;0;3
2;0;654;801;1409842057.224306186;1409842057.185040160;1605807;-1;1;0;3
2;0;655;801;1409842057.225141488;1409842057.185048331;1605807;-1;1;0;3
2;0;656;801;1409842057.225974066;1409842057.185056363;1605807;-1;1;0;3
2;0;657;801;1409842057.226821311;1409842057.185064674;1605807;-1;1;0;3
2;0;658;801;1409842057.227660593;1409842057.185072566;1605807;-1;1;0;3
2;0;659;801;1409842057.228504556;1409842057.185081017;1605807;-1;1;0;3
2;0;660;801;1409842057.229473883;1409842057.185089328;1605807;-1;1;0;3
2;0;661;801;1409842057.230339496;1409842057.185096801;1605807;-1;1;0;3
2;0;662;801;1409842057.231133102;1409842057.185103855;1605807;-1;1;0;3
2;0;663;801;1409842057.231967147;1409842057.185110979;1605807;-1;1;0;3
2;0;664;801;1409842057.232842956;1409842057.185122991;1605807;-1;1;0;3
2;0;665;801;1409842057.233644385;1409842057.185126903;1605807;-1;1;0;3
2;0;666;801;1409842057.234477592;1409842057.185130884;1605807;-1;1;0;3
2;0;667;801;1409842057.235318271;1409842057.185134934;1605807;-1;1;0;3
2;0;668;801;1409842057.236152386;1409842057.185138985;1605807;-1;1;0;3
2;0;669;801;1409842057.236994602;1409842057.185143036;1605807;-1;1;0;3
2;0;670;801;1409842057.237768373;1409842057.185146947;1605807;-1;1;0;3
2;0;671;801;1409842057.238541656;1409842057.185150998;1605807;-1;1;0;3
2;0;672;801;1409842057.239447078;1409842057.185154979;1605807;-1;1;0;3
2;0;673;801;1409842057.240352082;1409842057.185158890;1605807;-1;1;0;3
2;0;674;801;1409842057.241186336;1409842057.185162801;1605807;-1;1;0;3
2;0;675;801;1409842057.242014653;1409842057.185166712;1605807;-1;1;0;3
2;0;676;801;1409842057.242853028;1409842057.185170833;1605807;-1;1;0;3
2;0;677;801;1409842057.243687492;1409842057.185174744;1605807;-1;1;0;3
2;0;678;801;1409842057.244530336;1409842057.185178795;1605807;-1;1;0;3
2;0;679;801;1409842057.245373600;1409842057.185182915;1605807;-1;1;0;3
2;0;680;801;1409842057.246201219;1409842057.185186826;1605807;-1;1;0;3
2;0;681;801;1409842057.247040781;1409842057.185190807;1605807;-1;1;0;3
2;0;682;801;1409842057.247882020;1409842057.185194788;1605807;-1;1;0;3
2;0;683;801;1409842057.249151106;1409842057.185198769;1605807;-1;1;0;3
2;0;684;801;1409842057.249404420;1409842057.185202680;1605807;-1;1;0;3
2;0;685;801;1409842057.250317734;1409842057.185206731;1605807;-1;1;0;3
2;0;686;801;1409842057.251160928;1409842057.185210712;1605807;-1;1;0;3
2;0;687;801;1409842057.252086535;1409842057.216826325;1605807;-1;1;0;3
2;0;688;801;1409842057.252913106;1409842057.216838756;1605807;-1;1;0;3
2;0;689;801;1409842057.253746034;1409842057.216847347;1605807;-1;1;0;3
2;0;690;801;1409842057.254578192;1409842057.216856426;1605807;-1;1;0;3
2;0;691;801;1409842057.255415450;1409842057.216864807;1605807;-1;1;0;3
2;0;692;801;1409842057.256253615;1409842057.216872979;1605807;-1;1;0;3
2;0;693;801;1409842057.256995469;1409842057.216880871;1605807;-1;1;0;3
2;0;694;801;1409842057.257841457;1409842057.216888972;1605807;-1;1;0;3
2;0;695;801;1409842057.258646517;1409842057.216897074;1605807;-1;1;0;3
2;0;696;801;1409842057.259489501;1409842057.216905106;1605807;-1;1;0;3
2;0;697;801;1409842057.260375578;1409842057.216913417;1605807;-1;1;0;3
2;0;698;801;1409842057.261204314;1409842057.216922147;1605807;-1;1;0;3
2;0;699;801;1409842057.262062105;1409842057.216930039;1605807;-1;1;0;3
2;0;700;801;1409842057.262887000;1409842057.216937582;1605807;-1;1;0;3
2;0;701;801;1409842057.263812537;1409842057.216944845;1605807;-1;1;0;3
2;0;702;801;1409842057.264635966;1409842057.216955880;1605807;-1;1;0;3
2;0;703;801;1409842057.265472595;1409842057.216967125;1605807;-1;1;0;3
2;0;704;801;1409842057.266302379;1409842057.216977671;1605807;-1;1;0;3
2;0;705;801;1409842057.267139566;1409842057.216997715;1605807;-1;1;0;3
2;0;706;801;1409842057.267979478;1409842057.217010007;1605807;-1;1;0;3
2;0;707;801;1409842057.268849071;1409842057.217020204;1605807;-1;1;0;3
2;0;708;801;1409842057.269653922;1409842057.217031239;1605807;-1;1;0;3
2;0;709;801;1409842057.270489783;1409842057.217041226;1605807;-1;1;0;3
2;0;710;801;1409842057.271327040;1409842057.217051423;1605807;-1;1;0;3
2;0;711;801;1409842057.272094666;1409842057.217061829;1605807;-1;1;0;3
2;0;712;801;1409842057.273006164;1409842057.217071817;1605807;-1;1;0;3
2;0;713;801;1409842057.273836368;1409842057.217081944;1605807;-1;1;0;3
2;0;714;801;1409842057.274676838;1409842057.217091931;1605807;-1;1;0;3
2;0;715;801;1409842057.275516190;1409842057.217101988;1605807;-1;1;0;3
2;0;716;801;1409842057.276351841;1409842057.217111976;1605807;-1;1;0;3
2;0;717;801;1409842057.277192870;1409842057.217121893;1605807;-1;1;0;3
2;0;718;801;1409842057.278026495;1409842057.217131671;1605807;-1;1;0;3
2;0;719;801;1409842057.278879188;1409842057.217142077;1605807;-1;1;0;3
2;0;720;801;1409842057.279598693;1409842057.217151995;1605807;-1;1;0;3
2;0;721;801;1409842057.280542877;1409842057.217161842;1605807;-1;1;0;3
2;0;722;801;1409842057.281268737;1409842057.217171690;1605807;-1;1;0;3
2;0;723;801;1409842057.282146712;1409842057.217182096;1605807;-1;1;0;3
2;0;724;801;1409842057.283064706;1409842057.217192014;1605807;-1;1;0;3
2;0;725;801;1409842057.283805862;1409842057.248637842;1605807;-1;1;0;3
2;0;726;801;1409842057.284598211;1409842057.248667106;1605807;-1;1;0;3
2;0;727;801;1409842057.285514738;1409842057.248681702;1605807;-1;1;0;3
2;0;728;801;1409842057.286418764;1409842057.248695182;1605807;-1;1;0;3
2;0;729;801;1409842057.287243519;1409842057.248707753;1605807;-1;1;0;3
2;0;730;801;1409842057.288077774;1409842057.248720744;1605807;-1;1;0;3
2;0;731;801;1409842057.288922434;1409842057.248732826;1605807;-1;1;0;3
2;0;732;801;1409842057.289756758;1409842057.248745118;1605807;-1;1;0;3
2;0;733;801;1409842057.290592828;1409842057.248757131;1605807;-1;1;0;3
2;0;734;801;1409842057.291429108;1409842057.248769074;1605807;-1;1;0;3
2;0;735;801;1409842057.292270136;1409842057.248781226;1605807;-1;1;0;3
2;0;736;801;1409842057.293112771;1409842057.248794007;1605807;-1;1;0;3
2;0;737;801;1409842057.293944302;1409842057.248845690;1605807;-1;1;0;3
2;0;738;801;1409842057.294774365;1409842057.248858680;1605807;-1;1;0;3
2;0;739;801;1409842057.295610226;1409842057.248869785;1605807;-1;1;0;3
2;0;740;801;1409842057.296454258;1409842057.248880401;1605807;-1;1;0;3
2;0;741;801;1409842057.297329858;1409842057.248890947;1605807;-1;1;0;3
2;0;742;801;1409842057.298025687;1409842057.248901842;1605807;-1;1;0;3
2;0;743;801;1409842057.298844785;1409842057.248912877;1605807;-1;1;0;3
2;0;744;801;1409842057.299658995;1409842057.248923842;1605807;-1;1;0;3
2;0;745;801;1409842057.300523281;1409842057.248934318;1605807;-1;1;0;3
2;0;746;801;1409842057.301488138;1409842057.248945563;1605807;-1;1;0;3
2;0;747;801;1409842057.302315129;1409842057.248956877;1605807;-1;1;0;3
2;0;748;801;1409842057.303154062;1409842057.248968541;1605807;-1;1;0;3
2;0;749;801;1409842057.303992228;1409842057.248979156;1605807;-1;1;0;3
2;0;750;801;1409842057.304846107;1409842057.248989633;1605807;-1;1;0;3
2;0;751;801;1409842057.305659269;1409842057.248999899;1605807;-1;1;0;3
2;0;752;801;1409842057.306560850;1409842057.249011353;1605807;-1;1;0;3
2;0;753;801;1409842057.307236914;1409842057.249021899;1605807;-1;1;0;3
2;0;754;801;1409842057.308057200;1409842057.249032306;1605807;-1;1;0;3
2;0;755;801;1409842057.308877206;1409842057.249043341;1605807;-1;1;0;3
2;0;756;801;1409842057.309731505;1409842057.249054725;1605807;-1;1;0;3
2;0;757;801;1409842057.310578400;1409842057.249065969;1605807;-1;1;0;3
2;0;758;801;1409842057.311427740;1409842057.249077214;1605807;-1;1;0;3
2;0;759;801;1409842057.312357467;1409842057.249088109;1605807;-1;1;0;3
2;0;760;801;1409842057.315581620;1409842057.249098655;1605807;-1;1;0;3
2;0;761;801;1409842057.315597125;1409842057.249109690;1605807;-1;1;0;3
2;0;762;801;1409842057.315604947;1409842057.249120166;1605807;-1;1;0;3
2;0;763;801;1409842057.315611722;1409842057.280566483;1605807;-1;1;0;3
2;0;764;801;1409842057.316434033;1409842057.280598610;1605807;-1;1;0;3
2;0;765;801;1409842057.317247475;1409842057.280613067;1605807;-1;1;0;3
2;0;766;801;1409842057.318089481;1409842057.280626058;1605807;-1;1;0;3
2;0;767;801;1409842057.318925970;1409842057.280638629;1605807;-1;1;0;3
2;0;768;801;1409842057.319775589;1409842057.280651340;1605807;-1;1;0;3
2;0;769;801;1409842057.320635755;1409842057.280663074;1605807;-1;1;0;3
2;0;770;801;1409842057.323244257;1409842057.280674877;1605807;-1;1;0;3
2;0;771;801;1409842057.323249984;1409842057.280686750;1605807;-1;1;0;3
2;0;772;801;1409842057.323254384;1409842057.280698763;1605807;-1;1;0;3
2;0;773;801;1409842057.323949025;1409842057.280711613;1605807;-1;1;0;3
2;0;774;801;1409842057.324755343;1409842057.280725652;1605807;-1;1;0;3
2;0;775;801;1409842057.325619349;1409842057.280737525;1605807;-1;1;0;3
2;0;776;801;1409842057.326455489;1409842057.280748280;1605807;-1;1;0;3
2;0;777;801;1409842057.327291699;1409842057.280759315;1605807;-1;1;0;3
2;0;778;801;1409842057.328127420;1409842057.280769582;1605807;-1;1;0;3
2;0;779;801;1409842057.328975293;1409842057.280779779;1605807;-1;1;0;3
2;0;780;801;1409842057.329819814;1409842057.280790674;1605807;-1;1;0;3
2;0;781;801;1409842057.330650296;1409842057.280853182;1605807;-1;1;0;3
2;0;782;801;1409842057.331470582;1409842057.280877906;1605807;-1;1;0;3
2;0;783;801;1409842057.332335147;1409842057.280889080;1605807;-1;1;0;3
2;0;784;801;1409842057.333175408;1409842057.280919391;1605807;-1;1;0;3
2;0;785;801;1409842057.333984589;1409842057.280933988;1605807;-1;1;0;3
2;0;786;801;1409842057.334848037;1409842057.280944953;1605807;-1;1;0;3
2;0;787;801;1409842057.335676494;1409842057.280955429;1605807;-1;1;0;3
2;0;788;801;1409842057.336517034;1409842057.280965836;1605807;-1;1;0;3
2;0;789;801;1409842057.337342209;1409842057.280976871;1605807;-1;1;0;3
2;0;790;801;1409842057.338181631;1409842057.280988325;1605807;-1;1;0;3
2;0;791;801;1409842057.339018958;1409842057.280999848;1605807;-1;1;0;3
2;0;792;801;1409842057.339856984;1409842057.281011302;1605807;-1;1;0;3
2;0;793;801;1409842057.340693962;1409842057.281022128;1605807;-1;1;0;3
2;0;794;801;1409842057.341533175;1409842057.281032813;1605807;-1;1;0;3
2;0;795;801;1409842057.342366940;1409842057.281042940;1605807;-1;1;0;3
2;0;796;801;1409842057.343212438;1409842057.281053347;1605807;-1;1;0;3
2;0;797;801;1409842057.344044318;1409842057.281063823;1605807;-1;1;0;3
2;0;798;801;1409842057.344878013;1409842057.281073740;1605807;-1;1;0;3
2;0;799;801;1409842057.345715061;1409842057.281084775;1605807;-1;1;0;3
2;0;800;801;1409842057.346552738;1409842057.281095531;1605807;-1;1;0;3
