train_id;train_send_countid;paket_id;count_pakets_in_train;recv_time;send_time;recv_data_rate;recv_timeout_wait;last_recv_train_id;last_recv_train_send_countid;last_recv_paket_id


1;0;0;28;0.0;1409841610.512748371;982052;0;0;0;27
1;0;1;28;0.0;1409841610.512782314;982052;0;0;0;27
1;0;2;28;0.0;1409841610.512789089;982052;0;0;0;27
1;0;3;28;0.0;1409841610.512794816;982052;0;0;0;27
1;0;4;28;0.0;1409841610.512801032;982052;0;0;0;27
1;0;5;28;0.0;1409841610.512824778;982052;0;0;0;27
1;0;6;28;0.0;1409841610.512831413;982052;0;0;0;27
1;0;7;28;0.0;1409841610.512835883;982052;0;0;0;27
1;0;8;28;0.0;1409841610.512840352;982052;0;0;0;27
1;0;9;28;0.0;1409841610.512844962;982052;0;0;0;27
1;0;10;28;0.0;1409841610.512849641;982052;0;0;0;27
1;0;11;28;0.0;1409841610.512853762;982052;0;0;0;27
1;0;12;28;0.0;1409841610.512858092;982052;0;0;0;27
1;0;13;28;0.0;1409841610.512862283;982052;0;0;0;27
1;0;14;28;0.0;1409841610.512866822;982052;0;0;0;27
1;0;15;28;0.0;1409841610.512871432;982052;0;0;0;27
1;0;16;28;0.0;1409841610.512875622;982052;0;0;0;27
1;0;17;28;0.0;1409841610.512887565;982052;0;0;0;27
1;0;18;28;0.0;1409841610.512891546;982052;0;0;0;27
1;0;19;28;0.0;1409841610.512895806;982052;0;0;0;27
1;0;20;28;0.0;1409841610.512899508;982052;0;0;0;27
1;0;21;28;0.0;1409841610.512903768;982052;0;0;0;27
1;0;22;28;0.0;1409841610.512908378;982052;0;0;0;27
1;0;23;28;0.0;1409841610.512912778;982052;0;0;0;27
1;0;24;28;0.0;1409841610.512917108;982052;0;0;0;27
1;0;25;28;0.0;1409841610.512921857;982052;0;0;0;27
1;0;26;28;0.0;1409841610.512925978;982052;0;0;0;27
1;0;27;28;0.0;1409841610.512930029;982052;0;0;0;27
