train_id;train_send_countid;paket_id;count_pakets_in_train;recv_time;send_time;recv_data_rate;recv_timeout_wait;last_recv_train_id;last_recv_train_send_countid;last_recv_paket_id


0;0;0;4;1409841821.564749612;1409841821.563729092;8000;-1;0;0;0
0;0;1;4;1409841821.565544825;1409841821.563793765;8000;-1;0;0;0
0;0;2;4;1409841821.566381384;1409841821.563815974;8000;-1;0;0;0
0;0;3;4;1409841821.567226534;1409841821.563831968;8000;-1;0;0;0
2;0;0;807;1409841821.571761817;1409841821.570785366;1602975;-1;1;0;3
2;0;1;807;1409841821.572569392;1409841821.570826153;1602975;-1;1;0;3
2;0;2;807;1409841821.573419290;1409841821.570833976;1602975;-1;1;0;3
2;0;3;807;1409841821.574243767;1409841821.570840471;1602975;-1;1;0;3
2;0;4;807;1409841821.575081443;1409841821.570845569;1602975;-1;1;0;3
2;0;5;807;1409841821.575935183;1409841821.570852204;1602975;-1;1;0;3
2;0;6;807;1409841821.576792135;1409841821.570861144;1602975;-1;1;0;3
2;0;7;807;1409841821.577615355;1409841821.570866522;1602975;-1;1;0;3
2;0;8;807;1409841821.578428168;1409841821.570873017;1602975;-1;1;0;3
2;0;9;807;1409841821.579266612;1409841821.570897112;1602975;-1;1;0;3
2;0;10;807;1409841821.580120841;1409841821.570903747;1602975;-1;1;0;3
2;0;11;807;1409841821.580950346;1409841821.570909474;1602975;-1;1;0;3
2;0;12;807;1409841821.581804435;1409841821.570915341;1602975;-1;1;0;3
2;0;13;807;1409841821.582639387;1409841821.570922115;1602975;-1;1;0;3
2;0;14;807;1409841821.583458765;1409841821.570928261;1602975;-1;1;0;3
2;0;15;807;1409841821.584301750;1409841821.570934198;1602975;-1;1;0;3
2;0;16;807;1409841821.585151509;1409841821.570960318;1602975;-1;1;0;3
2;0;17;807;1409841821.585967045;1409841821.570967093;1602975;-1;1;0;3
2;0;18;807;1409841821.586827490;1409841821.570974496;1602975;-1;1;0;3
2;0;19;807;1409841821.587644842;1409841821.570979734;1602975;-1;1;0;3
2;0;20;807;1409841821.588539230;1409841821.570986020;1602975;-1;1;0;3
2;0;21;807;1409841821.589319147;1409841821.570992026;1602975;-1;1;0;3
2;0;22;807;1409841821.590157103;1409841821.570997753;1602975;-1;1;0;3
2;0;23;807;1409841821.590990519;1409841821.571003201;1602975;-1;1;0;3
2;0;24;807;1409841821.591832037;1409841821.571009766;1602975;-1;1;0;3
2;0;25;807;1409841821.592672716;1409841821.571016471;1602975;-1;1;0;3
2;0;26;807;1409841821.593528482;1409841821.571021849;1602975;-1;1;0;3
2;0;27;807;1409841821.594374748;1409841821.571027436;1602975;-1;1;0;3
2;0;28;807;1409841821.595217523;1409841821.571034071;1602975;-1;1;0;3
2;0;29;807;1409841821.596057085;1409841821.571039798;1602975;-1;1;0;3
2;0;30;807;1409841821.596865009;1409841821.571046014;1602975;-1;1;0;3
2;0;31;807;1409841821.597713651;1409841821.571051950;1602975;-1;1;0;3
2;0;32;807;1409841821.598547975;1409841821.571057468;1602975;-1;1;0;3
2;0;33;807;1409841821.599401016;1409841821.571063265;1602975;-1;1;0;3
2;0;34;807;1409841821.600243791;1409841821.571068363;1602975;-1;1;0;3
2;0;35;807;1409841821.601044940;1409841821.571074160;1602975;-1;1;0;3
2;0;36;807;1409841821.601919563;1409841821.571080026;1602975;-1;1;0;3
2;0;37;807;1409841821.602750674;1409841821.571085684;1602975;-1;1;0;3
2;0;38;807;1409841821.603601690;1409841821.571091550;1602975;-1;1;0;3
2;0;39;807;1409841821.604415690;1409841821.571096788;1602975;-1;1;0;3
2;0;40;807;1409841821.605313011;1409841821.571102515;1602975;-1;1;0;3
2;0;41;807;1409841821.606146217;1409841821.571107823;1602975;-1;1;0;3
2;0;42;807;1409841821.607002192;1409841821.571113969;1602975;-1;1;0;3
2;0;43;807;1409841821.607824713;1409841821.571120185;1602975;-1;1;0;3
2;0;44;807;1409841821.608625374;1409841821.571125004;1602975;-1;1;0;3
2;0;45;807;1409841821.609471710;1409841821.571131639;1602975;-1;1;0;3
2;0;46;807;1409841821.610335647;1409841821.571136877;1602975;-1;1;0;3
2;0;47;807;1409841821.611174930;1409841821.571142534;1602975;-1;1;0;3
2;0;48;807;1409841821.612010720;1409841821.571147912;1602975;-1;1;0;3
2;0;49;807;1409841821.612816200;1409841821.571153080;1602975;-1;1;0;3
2;0;50;807;1409841821.613645216;1409841821.571160693;1602975;-1;1;0;3
2;0;51;807;1409841821.614486733;1409841821.571166630;1602975;-1;1;0;3
2;0;52;807;1409841821.615362753;1409841821.571172496;1602975;-1;1;0;3
2;0;53;807;1409841821.616198892;1409841821.571178503;1602975;-1;1;0;3
2;0;54;807;1409841821.617038315;1409841821.571183182;1602975;-1;1;0;3
2;0;55;807;1409841821.617873407;1409841821.571188979;1602975;-1;1;0;3
2;0;56;807;1409841821.618712969;1409841821.571193239;1602975;-1;1;0;3
2;0;57;807;1409841821.619511814;1409841821.571198338;1602975;-1;1;0;3
2;0;58;807;1409841821.620387833;1409841821.571203436;1602975;-1;1;0;3
2;0;59;807;1409841821.621223763;1409841821.571208744;1602975;-1;1;0;3
2;0;60;807;1409841821.622061579;1409841821.571213423;1602975;-1;1;0;3
2;0;61;807;1409841821.622901630;1409841821.571219220;1602975;-1;1;0;3
2;0;62;807;1409841821.623735605;1409841821.571225087;1602975;-1;1;0;3
2;0;63;807;1409841821.624541573;1409841821.571230325;1602975;-1;1;0;3
2;0;64;807;1409841821.625411447;1409841821.571235703;1602975;-1;1;0;3
2;0;65;807;1409841821.626248913;1409841821.571240382;1602975;-1;1;0;3
2;0;66;807;1409841821.627088336;1409841821.571245480;1602975;-1;1;0;3
2;0;67;807;1409841821.627924755;1409841821.571250230;1602975;-1;1;0;3
2;0;68;807;1409841821.628760755;1409841821.571257773;1602975;-1;1;0;3
2;0;69;807;1409841821.629559041;1409841821.571263150;1602975;-1;1;0;3
2;0;70;807;1409841821.630430102;1409841821.571267969;1602975;-1;1;0;3
2;0;71;807;1409841821.631273854;1409841821.571273277;1602975;-1;1;0;3
2;0;72;807;1409841821.632112788;1409841821.571278096;1602975;-1;1;0;3
2;0;73;807;1409841821.632934261;1409841821.571283334;1602975;-1;1;0;3
2;0;74;807;1409841821.633731359;1409841821.571288503;1602975;-1;1;0;3
2;0;75;807;1409841821.634594109;1409841821.571306312;1602975;-1;1;0;3
2;0;76;807;1409841821.635445544;1409841821.571311620;1602975;-1;1;0;3
2;0;77;807;1409841821.636338674;1409841821.571316090;1602975;-1;1;0;3
2;0;78;807;1409841821.637126833;1409841821.571320909;1602975;-1;1;0;3
2;0;79;807;1409841821.638003690;1409841821.602767087;1602975;-1;1;0;3
2;0;80;807;1409841821.638818110;1409841821.602786363;1602975;-1;1;0;3
2;0;81;807;1409841821.639614929;1409841821.602794883;1602975;-1;1;0;3
2;0;82;807;1409841821.640486478;1409841821.602803055;1602975;-1;1;0;3
2;0;83;807;1409841821.641326948;1409841821.602811506;1602975;-1;1;0;3
2;0;84;807;1409841821.642130402;1409841821.602819747;1602975;-1;1;0;3
2;0;85;807;1409841821.643016269;1409841821.602828198;1602975;-1;1;0;3
2;0;86;807;1409841821.643942295;1409841821.602836299;1602975;-1;1;0;3
2;0;87;807;1409841821.644645596;1409841821.602844680;1602975;-1;1;0;3
2;0;88;807;1409841821.645506320;1409841821.602852852;1602975;-1;1;0;3
2;0;89;807;1409841821.646362644;1409841821.602861582;1602975;-1;1;0;3
2;0;90;807;1409841821.647203254;1409841821.602870382;1602975;-1;1;0;3
2;0;91;807;1409841821.648129629;1409841821.602878553;1602975;-1;1;0;3
2;0;92;807;1409841821.648959762;1409841821.602885887;1602975;-1;1;0;3
2;0;93;807;1409841821.649793318;1409841821.602893290;1602975;-1;1;0;3
2;0;94;807;1409841821.650626664;1409841821.602906210;1602975;-1;1;0;3
2;0;95;807;1409841821.651466226;1409841821.602910191;1602975;-1;1;0;3
2;0;96;807;1409841821.652301947;1409841821.602914033;1602975;-1;1;0;3
2;0;97;807;1409841821.653143884;1409841821.602917944;1602975;-1;1;0;3
2;0;98;807;1409841821.653984982;1409841821.602922134;1602975;-1;1;0;3
2;0;99;807;1409841821.654809459;1409841821.602926325;1602975;-1;1;0;3
2;0;100;807;1409841821.655647415;1409841821.602930795;1602975;-1;1;0;3
2;0;101;807;1409841821.656482297;1409841821.602935334;1602975;-1;1;0;3
2;0;102;807;1409841821.657246151;1409841821.602939455;1602975;-1;1;0;3
2;0;103;807;1409841821.658085294;1409841821.602943506;1602975;-1;1;0;3
2;0;104;807;1409841821.658927441;1409841821.602947626;1602975;-1;1;0;3
2;0;105;807;1409841821.659840196;1409841821.602951887;1602975;-1;1;0;3
2;0;106;807;1409841821.660676965;1409841821.602956147;1602975;-1;1;0;3
2;0;107;807;1409841821.661521625;1409841821.602960128;1602975;-1;1;0;3
2;0;108;807;1409841821.662357346;1409841821.602964179;1602975;-1;1;0;3
2;0;109;807;1409841821.663192159;1409841821.602968090;1602975;-1;1;0;3
2;0;110;807;1409841821.664026134;1409841821.602972280;1602975;-1;1;0;3
2;0;111;807;1409841821.664887556;1409841821.602976261;1602975;-1;1;0;3
2;0;112;807;1409841821.665610343;1409841821.602980172;1602975;-1;1;0;3
2;0;113;807;1409841821.666537486;1409841821.602984084;1602975;-1;1;0;3
2;0;114;807;1409841821.667314680;1409841821.602987855;1602975;-1;1;0;3
2;0;115;807;1409841821.668144814;1409841821.602991766;1602975;-1;1;0;3
2;0;116;807;1409841821.669070770;1409841821.602996445;1602975;-1;1;0;3
2;0;117;807;1409841821.669893919;1409841821.634611709;1602975;-1;1;0;3
2;0;118;807;1409841821.670730687;1409841821.634628820;1602975;-1;1;0;3
2;0;119;807;1409841821.671564802;1409841821.634641671;1602975;-1;1;0;3
2;0;120;807;1409841821.672402618;1409841821.634653614;1602975;-1;1;0;3
2;0;121;807;1409841821.673245393;1409841821.634665556;1602975;-1;1;0;3
2;0;122;807;1409841821.674077691;1409841821.634677220;1602975;-1;1;0;3
2;0;123;807;1409841821.674916345;1409841821.634688255;1602975;-1;1;0;3
2;0;124;807;1409841821.675755558;1409841821.634699848;1602975;-1;1;0;3
2;0;125;807;1409841821.676595539;1409841821.634711233;1602975;-1;1;0;3
2;0;126;807;1409841821.677432238;1409841821.634723036;1602975;-1;1;0;3
2;0;127;807;1409841821.678264886;1409841821.634735118;1602975;-1;1;0;3
2;0;128;807;1409841821.679100676;1409841821.634748039;1602975;-1;1;0;3
2;0;129;807;1409841821.679985426;1409841821.634759702;1602975;-1;1;0;3
2;0;130;807;1409841821.680780219;1409841821.634769829;1602975;-1;1;0;3
2;0;131;807;1409841821.681622435;1409841821.634779747;1602975;-1;1;0;3
2;0;132;807;1409841821.682453547;1409841821.634790153;1602975;-1;1;0;3
2;0;133;807;1409841821.683209439;1409841821.634800560;1602975;-1;1;0;3
2;0;134;807;1409841821.684234011;1409841821.634810896;1602975;-1;1;0;3
2;0;135;807;1409841821.684848893;1409841821.634821233;1602975;-1;1;0;3
2;0;136;807;1409841821.685724354;1409841821.634831360;1602975;-1;1;0;3
2;0;137;807;1409841821.686520754;1409841821.634841487;1602975;-1;1;0;3
2;0;138;807;1409841821.687478208;1409841821.634852242;1602975;-1;1;0;3
2;0;139;807;1409841821.688314278;1409841821.634862858;1602975;-1;1;0;3
2;0;140;807;1409841821.689158729;1409841821.634873264;1602975;-1;1;0;3
2;0;141;807;1409841821.689991936;1409841821.634883810;1602975;-1;1;0;3
2;0;142;807;1409841821.690825980;1409841821.634893658;1602975;-1;1;0;3
2;0;143;807;1409841821.691587809;1409841821.634904414;1602975;-1;1;0;3
2;0;144;807;1409841821.692384139;1409841821.634915099;1602975;-1;1;0;3
2;0;145;807;1409841821.693271612;1409841821.634926693;1602975;-1;1;0;3
2;0;146;807;1409841821.694109917;1409841821.634937029;1602975;-1;1;0;3
2;0;147;807;1409841821.695022044;1409841821.634947017;1602975;-1;1;0;3
2;0;148;807;1409841821.695846730;1409841821.634957283;1602975;-1;1;0;3
2;0;149;807;1409841821.696607092;1409841821.634967061;1602975;-1;1;0;3
2;0;150;807;1409841821.697454896;1409841821.634977188;1602975;-1;1;0;3
2;0;151;807;1409841821.698310312;1409841821.634987315;1602975;-1;1;0;3
2;0;152;807;1409841821.699123125;1409841821.634997512;1602975;-1;1;0;3
2;0;153;807;1409841821.699961709;1409841821.635007709;1602975;-1;1;0;3
2;0;154;807;1409841821.700896255;1409841821.635035296;1602975;-1;1;0;3
2;0;155;807;1409841821.701724363;1409841821.666563258;1602975;-1;1;0;3
2;0;156;807;1409841821.702553868;1409841821.666596363;1602975;-1;1;0;3
2;0;157;807;1409841821.703393011;1409841821.666611658;1602975;-1;1;0;3
2;0;158;807;1409841821.704228522;1409841821.666624858;1602975;-1;1;0;3
2;0;159;807;1409841821.704966605;1409841821.666637360;1602975;-1;1;0;3
2;0;160;807;1409841821.705908904;1409841821.666649721;1602975;-1;1;0;3
2;0;161;807;1409841821.706739945;1409841821.666663410;1602975;-1;1;0;3
2;0;162;807;1409841821.707577482;1409841821.666675702;1602975;-1;1;0;3
2;0;163;807;1409841821.708417393;1409841821.666688763;1602975;-1;1;0;3
2;0;164;807;1409841821.709259679;1409841821.666702102;1602975;-1;1;0;3
2;0;165;807;1409841821.710093584;1409841821.666714953;1602975;-1;1;0;3
2;0;166;807;1409841821.710927838;1409841821.666728991;1602975;-1;1;0;3
2;0;167;807;1409841821.711766073;1409841821.666741214;1602975;-1;1;0;3
2;0;168;807;1409841821.712600956;1409841821.666752947;1602975;-1;1;0;3
2;0;169;807;1409841821.713443800;1409841821.666763633;1602975;-1;1;0;3
2;0;170;807;1409841821.714280010;1409841821.666774039;1602975;-1;1;0;3
2;0;171;807;1409841821.715145763;1409841821.666785772;1602975;-1;1;0;3
2;0;172;807;1409841821.715882868;1409841821.666796807;1602975;-1;1;0;3
2;0;173;807;1409841821.716796811;1409841821.666807283;1602975;-1;1;0;3
2;0;174;807;1409841821.717637420;1409841821.666818528;1602975;-1;1;0;3
2;0;175;807;1409841821.718465389;1409841821.666828864;1602975;-1;1;0;3
2;0;176;807;1409841821.719303414;1409841821.666841296;1602975;-1;1;0;3
2;0;177;807;1409841821.720144862;1409841821.666851912;1602975;-1;1;0;3
2;0;178;807;1409841821.720981421;1409841821.666862179;1602975;-1;1;0;3
2;0;179;807;1409841821.721742342;1409841821.666872445;1602975;-1;1;0;3
2;0;180;807;1409841821.722652863;1409841821.666882572;1602975;-1;1;0;3
2;0;181;807;1409841821.723495288;1409841821.666892909;1602975;-1;1;0;3
2;0;182;807;1409841821.724332057;1409841821.666904433;1602975;-1;1;0;3
2;0;183;807;1409841821.725171339;1409841821.666915817;1602975;-1;1;0;3
2;0;184;807;1409841821.726001263;1409841821.666927061;1602975;-1;1;0;3
2;0;185;807;1409841821.726840616;1409841821.666937956;1602975;-1;1;0;3
2;0;186;807;1409841821.727679060;1409841821.666948502;1602975;-1;1;0;3
2;0;187;807;1409841821.728514013;1409841821.666958560;1602975;-1;1;0;3
2;0;188;807;1409841821.729355670;1409841821.666969595;1602975;-1;1;0;3
2;0;189;807;1409841821.730184616;1409841821.666980071;1602975;-1;1;0;3
2;0;190;807;1409841821.730968026;1409841821.666990687;1602975;-1;1;0;3
2;0;191;807;1409841821.731798579;1409841821.667000814;1602975;-1;1;0;3
2;0;192;807;1409841821.732720274;1409841821.667012547;1602975;-1;1;0;3
2;0;193;807;1409841821.733463036;1409841821.698337201;1602975;-1;1;0;3
2;0;194;807;1409841821.734230243;1409841821.698363461;1602975;-1;1;0;3
2;0;195;807;1409841821.735150611;1409841821.698376382;1602975;-1;1;0;3
2;0;196;807;1409841821.735988986;1409841821.698389861;1602975;-1;1;0;3
2;0;197;807;1409841821.736900904;1409841821.698401874;1602975;-1;1;0;3
2;0;198;807;1409841821.737730967;1409841821.698413956;1602975;-1;1;0;3
2;0;199;807;1409841821.738566059;1409841821.698425480;1602975;-1;1;0;3
2;0;200;807;1409841821.739402688;1409841821.698437493;1602975;-1;1;0;3
2;0;201;807;1409841821.740243228;1409841821.698449575;1602975;-1;1;0;3
2;0;202;807;1409841821.740958054;1409841821.698461309;1602975;-1;1;0;3
2;0;203;807;1409841821.741766606;1409841821.698473671;1602975;-1;1;0;3
2;0;204;807;1409841821.742644441;1409841821.698486312;1602975;-1;1;0;3
2;0;205;807;1409841821.743495108;1409841821.698497905;1602975;-1;1;0;3
2;0;206;807;1409841821.744431121;1409841821.698508172;1602975;-1;1;0;3
2;0;207;807;1409841821.745169972;1409841821.698518229;1602975;-1;1;0;3
2;0;208;807;1409841821.746064080;1409841821.698528496;1602975;-1;1;0;3
2;0;209;807;1409841821.746880036;1409841821.698538413;1602975;-1;1;0;3
2;0;210;807;1409841821.747797331;1409841821.698548610;1602975;-1;1;0;3
2;0;211;807;1409841821.748621319;1409841821.698559156;1602975;-1;1;0;3
2;0;212;807;1409841821.749462138;1409841821.698569772;1602975;-1;1;0;3
2;0;213;807;1409841821.750296951;1409841821.698579969;1602975;-1;1;0;3
2;0;214;807;1409841821.751132602;1409841821.698590934;1602975;-1;1;0;3
2;0;215;807;1409841821.751969160;1409841821.698601899;1602975;-1;1;0;3
2;0;216;807;1409841821.752837497;1409841821.698612934;1602975;-1;1;0;3
2;0;217;807;1409841821.753639764;1409841821.698623201;1602975;-1;1;0;3
2;0;218;807;1409841821.754483586;1409841821.698633398;1602975;-1;1;0;3
2;0;219;807;1409841821.755316793;1409841821.698644852;1602975;-1;1;0;3
2;0;220;807;1409841821.756158660;1409841821.698655048;1602975;-1;1;0;3
2;0;221;807;1409841821.756996546;1409841821.698665106;1602975;-1;1;0;3
2;0;222;807;1409841821.757829892;1409841821.698676350;1602975;-1;1;0;3
2;0;223;807;1409841821.758665054;1409841821.698687036;1602975;-1;1;0;3
2;0;224;807;1409841821.759505105;1409841821.698697233;1602975;-1;1;0;3
2;0;225;807;1409841821.760342013;1409841821.698711271;1602975;-1;1;0;3
2;0;226;807;1409841821.761130032;1409841821.698722306;1602975;-1;1;0;3
2;0;227;807;1409841821.762050051;1409841821.698732642;1602975;-1;1;0;3
2;0;228;807;1409841821.762792185;1409841821.698743677;1602975;-1;1;0;3
2;0;229;807;1409841821.763547099;1409841821.698753594;1602975;-1;1;0;3
2;0;230;807;1409841821.764411245;1409841821.698764420;1602975;-1;1;0;3
2;0;231;807;1409841821.765265963;1409841821.730214369;1602975;-1;1;0;3
2;0;232;807;1409841821.766100078;1409841821.730244540;1602975;-1;1;0;3
2;0;233;807;1409841821.766900878;1409841821.730276947;1602975;-1;1;0;3
2;0;234;807;1409841821.767796802;1409841821.730293918;1602975;-1;1;0;3
2;0;235;807;1409841821.768595507;1409841821.730306909;1602975;-1;1;0;3
2;0;236;807;1409841821.769454205;1409841821.730318851;1602975;-1;1;0;3
2;0;237;807;1409841821.770417526;1409841821.730330375;1602975;-1;1;0;3
2;0;238;807;1409841821.771239837;1409841821.730342877;1602975;-1;1;0;3
2;0;239;807;1409841821.772066968;1409841821.730355169;1602975;-1;1;0;3
2;0;240;807;1409841821.772907926;1409841821.730367182;1602975;-1;1;0;3
2;0;241;807;1409841821.773740085;1409841821.730378985;1602975;-1;1;0;3
2;0;242;807;1409841821.774579298;1409841821.730392744;1602975;-1;1;0;3
2;0;243;807;1409841821.775365222;1409841821.730404756;1602975;-1;1;0;3
2;0;244;807;1409841821.776162181;1409841821.730416210;1602975;-1;1;0;3
2;0;245;807;1409841821.776946150;1409841821.730426896;1602975;-1;1;0;3
2;0;246;807;1409841821.777787597;1409841821.730438071;1602975;-1;1;0;3
2;0;247;807;1409841821.778658378;1409841821.730448896;1602975;-1;1;0;3
2;0;248;807;1409841821.779577071;1409841821.730459023;1602975;-1;1;0;3
2;0;249;807;1409841821.780337852;1409841821.730469499;1602975;-1;1;0;3
2;0;250;807;1409841821.781249420;1409841821.730479975;1602975;-1;1;0;3
2;0;251;807;1409841821.782085979;1409841821.730490451;1602975;-1;1;0;3
2;0;252;807;1409841821.782818824;1409841821.730501626;1602975;-1;1;0;3
2;0;253;807;1409841821.783656011;1409841821.730511893;1602975;-1;1;0;3
2;0;254;807;1409841821.784476716;1409841821.730523486;1602975;-1;1;0;3
2;0;255;807;1409841821.785391427;1409841821.730533683;1602975;-1;1;0;3
2;0;256;807;1409841821.786305161;1409841821.730544998;1602975;-1;1;0;3
2;0;257;807;1409841821.787149123;1409841821.730555683;1602975;-1;1;0;3
2;0;258;807;1409841821.787988126;1409841821.730565950;1602975;-1;1;0;3
2;0;259;807;1409841821.788864774;1409841821.730576007;1602975;-1;1;0;3
2;0;260;807;1409841821.789660057;1409841821.730587671;1602975;-1;1;0;3
2;0;261;807;1409841821.790488724;1409841821.730598147;1602975;-1;1;0;3
2;0;262;807;1409841821.791220940;1409841821.730609601;1602975;-1;1;0;3
2;0;263;807;1409841821.792023975;1409841821.730620705;1602975;-1;1;0;3
2;0;264;807;1409841821.792932819;1409841821.730631601;1602975;-1;1;0;3
2;0;265;807;1409841821.794274191;1409841821.730641798;1602975;-1;1;0;3
2;0;266;807;1409841821.794547410;1409841821.730652204;1602975;-1;1;0;3
2;0;267;807;1409841821.795431671;1409841821.730662191;1602975;-1;1;0;3
2;0;268;807;1409841821.796371595;1409841821.730672667;1602975;-1;1;0;3
2;0;269;807;1409841821.797086490;1409841821.761951854;1602975;-1;1;0;3
2;0;270;807;1409841821.798032839;1409841821.761986216;1602975;-1;1;0;3
2;0;271;807;1409841821.798869678;1409841821.762000534;1602975;-1;1;0;3
2;0;272;807;1409841821.799708751;1409841821.762015759;1602975;-1;1;0;3
2;0;273;807;1409841821.800542516;1409841821.762031334;1602975;-1;1;0;3
2;0;274;807;1409841821.801332002;1409841821.762045791;1602975;-1;1;0;3
2;0;275;807;1409841821.802224574;1409841821.762058851;1602975;-1;1;0;3
2;0;276;807;1409841821.803059875;1409841821.762072540;1602975;-1;1;0;3
2;0;277;807;1409841821.803892523;1409841821.762087067;1602975;-1;1;0;3
2;0;278;807;1409841821.804734041;1409841821.762099778;1602975;-1;1;0;3
2;0;279;807;1409841821.805571088;1409841821.762111791;1602975;-1;1;0;3
2;0;280;807;1409841821.806405971;1409841821.762125550;1602975;-1;1;0;3
2;0;281;807;1409841821.807241343;1409841821.762137772;1602975;-1;1;0;3
2;0;282;807;1409841821.808082860;1409841821.762147969;1602975;-1;1;0;3
2;0;283;807;1409841821.808923400;1409841821.762159143;1602975;-1;1;0;3
2;0;284;807;1409841821.809754791;1409841821.762169620;1602975;-1;1;0;3
2;0;285;807;1409841821.810590232;1409841821.762181283;1602975;-1;1;0;3
2;0;286;807;1409841821.811428467;1409841821.762192388;1602975;-1;1;0;3
2;0;287;807;1409841821.812268658;1409841821.762203004;1602975;-1;1;0;3
2;0;288;807;1409841821.813108499;1409841821.762212921;1602975;-1;1;0;3
2;0;289;807;1409841821.813943242;1409841821.762224305;1602975;-1;1;0;3
2;0;290;807;1409841821.814778265;1409841821.762234712;1602975;-1;1;0;3
2;0;291;807;1409841821.815579344;1409841821.762245188;1602975;-1;1;0;3
2;0;292;807;1409841821.816458716;1409841821.762257969;1602975;-1;1;0;3
2;0;293;807;1409841821.817294367;1409841821.762268864;1602975;-1;1;0;3
2;0;294;807;1409841821.818128272;1409841821.762279480;1602975;-1;1;0;3
2;0;295;807;1409841821.818968463;1409841821.762289537;1602975;-1;1;0;3
2;0;296;807;1409841821.819807466;1409841821.762300013;1602975;-1;1;0;3
2;0;297;807;1409841821.820639974;1409841821.762310140;1602975;-1;1;0;3
2;0;298;807;1409841821.821483936;1409841821.762319988;1602975;-1;1;0;3
2;0;299;807;1409841821.822314489;1409841821.762330394;1602975;-1;1;0;3
2;0;300;807;1409841821.823152025;1409841821.762340591;1602975;-1;1;0;3
2;0;301;807;1409841821.823988584;1409841821.762351905;1602975;-1;1;0;3
2;0;302;807;1409841821.824833943;1409841821.762362312;1602975;-1;1;0;3
2;0;303;807;1409841821.825732381;1409841821.762372578;1602975;-1;1;0;3
2;0;304;807;1409841821.826413194;1409841821.762382636;1602975;-1;1;0;3
2;0;305;807;1409841821.827196045;1409841821.762392623;1602975;-1;1;0;3
2;0;306;807;1409841821.828059842;1409841821.762403937;1602975;-1;1;0;3
2;0;307;807;1409841821.828955207;1409841821.793793334;1602975;-1;1;0;3
2;0;308;807;1409841821.829864611;1409841821.793819105;1602975;-1;1;0;3
2;0;309;807;1409841821.830693697;1409841821.793834680;1602975;-1;1;0;3
2;0;310;807;1409841821.831526065;1409841821.793847391;1602975;-1;1;0;3
2;0;311;807;1409841821.832364160;1409841821.793879518;1602975;-1;1;0;3
2;0;312;807;1409841821.833107132;1409841821.793895162;1602975;-1;1;0;3
2;0;313;807;1409841821.833893894;1409841821.793907245;1602975;-1;1;0;3
2;0;314;807;1409841821.834804555;1409841821.793919188;1602975;-1;1;0;3
2;0;315;807;1409841821.835614993;1409841821.793932527;1602975;-1;1;0;3
2;0;316;807;1409841821.836552053;1409841821.793945099;1602975;-1;1;0;3
2;0;317;807;1409841821.837397761;1409841821.793958508;1602975;-1;1;0;3
2;0;318;807;1409841821.838230479;1409841821.793972686;1602975;-1;1;0;3
2;0;319;807;1409841821.839069622;1409841821.793986305;1602975;-1;1;0;3
2;0;320;807;1409841821.839904225;1409841821.793997131;1602975;-1;1;0;3
2;0;321;807;1409841821.840660118;1409841821.794008026;1602975;-1;1;0;3
2;0;322;807;1409841821.841480124;1409841821.794018851;1602975;-1;1;0;3
2;0;323;807;1409841821.842296010;1409841821.794029397;1602975;-1;1;0;3
2;0;324;807;1409841821.843190537;1409841821.794039874;1602975;-1;1;0;3
2;0;325;807;1409841821.844107414;1409841821.794049931;1602975;-1;1;0;3
2;0;326;807;1409841821.844935452;1409841821.794061175;1602975;-1;1;0;3
2;0;327;807;1409841821.845733109;1409841821.794071721;1602975;-1;1;0;3
2;0;328;807;1409841821.846500316;1409841821.794082127;1602975;-1;1;0;3
2;0;329;807;1409841821.847376963;1409841821.794093232;1602975;-1;1;0;3
2;0;330;807;1409841821.848295586;1409841821.794103359;1602975;-1;1;0;3
2;0;331;807;1409841821.849121529;1409841821.794113416;1602975;-1;1;0;3
2;0;332;807;1409841821.849955853;1409841821.794123823;1602975;-1;1;0;3
2;0;333;807;1409841821.850789059;1409841821.794133670;1602975;-1;1;0;3
2;0;334;807;1409841821.851631625;1409841821.794150362;1602975;-1;1;0;3
2;0;335;807;1409841821.852463923;1409841821.794160769;1602975;-1;1;0;3
2;0;336;807;1409841821.853315149;1409841821.794171664;1602975;-1;1;0;3
2;0;337;807;1409841821.854141720;1409841821.794182420;1602975;-1;1;0;3
2;0;338;807;1409841821.854976114;1409841821.794192547;1602975;-1;1;0;3
2;0;339;807;1409841821.855817632;1409841821.794202394;1602975;-1;1;0;3
2;0;340;807;1409841821.856651118;1409841821.794212312;1602975;-1;1;0;3
2;0;341;807;1409841821.857499549;1409841821.794222159;1602975;-1;1;0;3
2;0;342;807;1409841821.858274089;1409841821.794232007;1602975;-1;1;0;3
2;0;343;807;1409841821.859094655;1409841821.794241924;1602975;-1;1;0;3
2;0;344;807;1409841821.860008109;1409841821.794252051;1602975;-1;1;0;3
2;0;345;807;1409841821.860842433;1409841821.825632648;1602975;-1;1;0;3
2;0;346;807;1409841821.861557957;1409841821.825664286;1602975;-1;1;0;3
2;0;347;807;1409841821.862448712;1409841821.825678534;1602975;-1;1;0;3
2;0;348;807;1409841821.863299170;1409841821.825692502;1602975;-1;1;0;3
2;0;349;807;1409841821.864209551;1409841821.825705143;1602975;-1;1;0;3
2;0;350;807;1409841821.865039824;1409841821.825721416;1602975;-1;1;0;3
2;0;351;807;1409841821.865871913;1409841821.825734686;1602975;-1;1;0;3
2;0;352;807;1409841821.866714478;1409841821.825747607;1602975;-1;1;0;3
2;0;353;807;1409841821.867539863;1409841821.825761994;1602975;-1;1;0;3
2;0;354;807;1409841821.868323621;1409841821.825776311;1602975;-1;1;0;3
2;0;355;807;1409841821.869140206;1409841821.825789651;1602975;-1;1;0;3
2;0;356;807;1409841821.869907622;1409841821.825803410;1602975;-1;1;0;3
2;0;357;807;1409841821.870826873;1409841821.825816331;1602975;-1;1;0;3
2;0;358;807;1409841821.871641082;1409841821.825826877;1602975;-1;1;0;3
2;0;359;807;1409841821.872571438;1409841821.825837772;1602975;-1;1;0;3
2;0;360;807;1409841821.873410930;1409841821.825849156;1602975;-1;1;0;3
2;0;361;807;1409841821.874243927;1409841821.825860191;1602975;-1;1;0;3
2;0;362;807;1409841821.875078461;1409841821.825870388;1602975;-1;1;0;3
2;0;363;807;1409841821.875918442;1409841821.825881073;1602975;-1;1;0;3
2;0;364;807;1409841821.876742360;1409841821.825891131;1602975;-1;1;0;3
2;0;365;807;1409841821.877490639;1409841821.825901188;1602975;-1;1;0;3
2;0;366;807;1409841821.878354715;1409841821.825912432;1602975;-1;1;0;3
2;0;367;807;1409841821.879210132;1409841821.825923677;1602975;-1;1;0;3
2;0;368;807;1409841821.880121979;1409841821.825934223;1602975;-1;1;0;3
2;0;369;807;1409841821.880841973;1409841821.825944140;1602975;-1;1;0;3
2;0;370;807;1409841821.881677624;1409841821.825954267;1602975;-1;1;0;3
2;0;371;807;1409841821.882490018;1409841821.825964953;1602975;-1;1;0;3
2;0;372;807;1409841821.883310024;1409841821.825985277;1602975;-1;1;0;3
2;0;373;807;1409841821.884175428;1409841821.825996591;1602975;-1;1;0;3
2;0;374;807;1409841821.885060387;1409841821.826007346;1602975;-1;1;0;3
2;0;375;807;1409841821.885898901;1409841821.826018800;1602975;-1;1;0;3
2;0;376;807;1409841821.886700120;1409841821.826030254;1602975;-1;1;0;3
2;0;377;807;1409841821.887649124;1409841821.826041359;1602975;-1;1;0;3
2;0;378;807;1409841821.888477232;1409841821.826052743;1602975;-1;1;0;3
2;0;379;807;1409841821.889322172;1409841821.826063429;1602975;-1;1;0;3
2;0;380;807;1409841821.890099086;1409841821.826076629;1602975;-1;1;0;3
2;0;381;807;1409841821.890915391;1409841821.826087385;1602975;-1;1;0;3
2;0;382;807;1409841821.891728972;1409841821.826099048;1602975;-1;1;0;3
2;0;383;807;1409841821.892549188;1409841821.857525600;1602975;-1;1;0;3
2;0;384;807;1409841821.893392801;1409841821.857557238;1602975;-1;1;0;3
2;0;385;807;1409841821.894255760;1409841821.857571975;1602975;-1;1;0;3
2;0;386;807;1409841821.895061519;1409841821.857585594;1602975;-1;1;0;3
2;0;387;807;1409841821.895933208;1409841821.857598235;1602975;-1;1;0;3
2;0;388;807;1409841821.896763551;1409841821.857613810;1602975;-1;1;0;3
2;0;389;807;1409841821.897670580;1409841821.857626451;1602975;-1;1;0;3
2;0;390;807;1409841821.898499037;1409841821.857656623;1602975;-1;1;0;3
2;0;391;807;1409841821.899331266;1409841821.857674153;1602975;-1;1;0;3
2;0;392;807;1409841821.900169431;1409841821.857687073;1602975;-1;1;0;3
2;0;393;807;1409841821.901017933;1409841821.857699575;1602975;-1;1;0;3
2;0;394;807;1409841821.901850650;1409841821.857714172;1602975;-1;1;0;3
2;0;395;807;1409841821.902685463;1409841821.857726883;1602975;-1;1;0;3
2;0;396;807;1409841821.903524886;1409841821.857738127;1602975;-1;1;0;3
2;0;397;807;1409841821.904359838;1409841821.857749232;1602975;-1;1;0;3
2;0;398;807;1409841821.905198772;1409841821.857760965;1602975;-1;1;0;3
2;0;399;807;1409841821.906035680;1409841821.857771930;1602975;-1;1;0;3
2;0;400;807;1409841821.906872867;1409841821.857782896;1602975;-1;1;0;3
2;0;401;807;1409841821.907705445;1409841821.857793372;1602975;-1;1;0;3
2;0;402;807;1409841821.908552760;1409841821.857803918;1602975;-1;1;0;3
2;0;403;807;1409841821.909312283;1409841821.857814184;1602975;-1;1;0;3
2;0;404;807;1409841821.910183554;1409841821.857824661;1602975;-1;1;0;3
2;0;405;807;1409841821.911039947;1409841821.857835277;1602975;-1;1;0;3
2;0;406;807;1409841821.911942367;1409841821.857847359;1602975;-1;1;0;3
2;0;407;807;1409841821.912769287;1409841821.857857835;1602975;-1;1;0;3
2;0;408;807;1409841821.913605637;1409841821.857867892;1602975;-1;1;0;3
2;0;409;807;1409841821.914443453;1409841821.857879207;1602975;-1;1;0;3
2;0;410;807;1409841821.915279942;1409841821.857889683;1602975;-1;1;0;3
2;0;411;807;1409841821.916097574;1409841821.857900299;1602975;-1;1;0;3
2;0;412;807;1409841821.916920863;1409841821.857910775;1602975;-1;1;0;3
2;0;413;807;1409841821.917674031;1409841821.857921042;1602975;-1;1;0;3
2;0;414;807;1409841821.918527492;1409841821.857930959;1602975;-1;1;0;3
2;0;415;807;1409841821.919404698;1409841821.857941226;1602975;-1;1;0;3
2;0;416;807;1409841821.920315987;1409841821.857951492;1602975;-1;1;0;3
2;0;417;807;1409841821.921147029;1409841821.857962248;1602975;-1;1;0;3
2;0;418;807;1409841821.921934489;1409841821.857972724;1602975;-1;1;0;3
2;0;419;807;1409841821.922754985;1409841821.857982711;1602975;-1;1;0;3
2;0;420;807;1409841821.923665785;1409841821.857992908;1602975;-1;1;0;3
2;0;421;807;1409841821.924494242;1409841821.889349899;1602975;-1;1;0;3
2;0;422;807;1409841821.925250972;1409841821.889380768;1602975;-1;1;0;3
2;0;423;807;1409841821.926095563;1409841821.889393968;1602975;-1;1;0;3
2;0;424;807;1409841821.927041214;1409841821.889407308;1602975;-1;1;0;3
2;0;425;807;1409841821.927725309;1409841821.889421695;1602975;-1;1;0;3
2;0;426;807;1409841821.928551881;1409841821.889435175;1602975;-1;1;0;3
2;0;427;807;1409841821.929455138;1409841821.889450540;1602975;-1;1;0;3
2;0;428;807;1409841821.930370827;1409841821.889463530;1602975;-1;1;0;3
2;0;429;807;1409841821.931194815;1409841821.889475264;1602975;-1;1;0;3
2;0;430;807;1409841821.932028859;1409841821.889487137;1602975;-1;1;0;3
2;0;431;807;1409841821.932727133;1409841821.889498800;1602975;-1;1;0;3
2;0;432;807;1409841821.933554193;1409841821.889512768;1602975;-1;1;0;3
2;0;433;807;1409841821.934402834;1409841821.889524781;1602975;-1;1;0;3
2;0;434;807;1409841821.935308187;1409841821.889535467;1602975;-1;1;0;3
2;0;435;807;1409841821.936142232;1409841821.889545943;1602975;-1;1;0;3
2;0;436;807;1409841821.937061133;1409841821.889556489;1602975;-1;1;0;3
2;0;437;807;1409841821.937894200;1409841821.889566756;1602975;-1;1;0;3
2;0;438;807;1409841821.938731108;1409841821.889577092;1602975;-1;1;0;3
2;0;439;807;1409841821.939565642;1409841821.889587359;1602975;-1;1;0;3
2;0;440;807;1409841821.940408486;1409841821.889597975;1602975;-1;1;0;3
2;0;441;807;1409841821.941125058;1409841821.889609918;1602975;-1;1;0;3
2;0;442;807;1409841821.941929560;1409841821.889620464;1602975;-1;1;0;3
2;0;443;807;1409841821.942846925;1409841821.889631359;1602975;-1;1;0;3
2;0;444;807;1409841821.943633338;1409841821.889642953;1602975;-1;1;0;3
2;0;445;807;1409841821.944461027;1409841821.889653569;1602975;-1;1;0;3
2;0;446;807;1409841821.945357370;1409841821.889664254;1602975;-1;1;0;3
2;0;447;807;1409841821.946187713;1409841821.889674521;1602975;-1;1;0;3
2;0;448;807;1409841821.947101377;1409841821.889684718;1602975;-1;1;0;3
2;0;449;807;1409841821.947903294;1409841821.889704762;1602975;-1;1;0;3
2;0;450;807;1409841821.948713104;1409841821.889716705;1602975;-1;1;0;3
2;0;451;807;1409841821.949529549;1409841821.889729346;1602975;-1;1;0;3
2;0;452;807;1409841821.950382590;1409841821.889740381;1602975;-1;1;0;3
2;0;453;807;1409841821.951232628;1409841821.889750648;1602975;-1;1;0;3
2;0;454;807;1409841821.952149854;1409841821.889760775;1602975;-1;1;0;3
2;0;455;807;1409841821.952966787;1409841821.889771042;1602975;-1;1;0;3
2;0;456;807;1409841821.953731899;1409841821.889781518;1602975;-1;1;0;3
2;0;457;807;1409841821.954537937;1409841821.889791435;1602975;-1;1;0;3
2;0;458;807;1409841821.955485474;1409841821.889801492;1602975;-1;1;0;3
2;0;459;807;1409841821.956317004;1409841821.921176641;1602975;-1;1;0;3
2;0;460;807;1409841821.957092242;1409841821.921210026;1602975;-1;1;0;3
2;0;461;807;1409841821.957920001;1409841821.921222946;1602975;-1;1;0;3
2;0;462;807;1409841821.958754884;1409841821.921235308;1602975;-1;1;0;3
2;0;463;807;1409841821.959581665;1409841821.921247670;1602975;-1;1;0;3
2;0;464;807;1409841821.960506294;1409841821.921259822;1602975;-1;1;0;3
2;0;465;807;1409841821.961348859;1409841821.921281333;1602975;-1;1;0;3
2;0;466;807;1409841821.962196802;1409841821.921294603;1602975;-1;1;0;3
2;0;467;807;1409841821.963020789;1409841821.921306965;1602975;-1;1;0;3
2;0;468;807;1409841821.963852529;1409841821.921318838;1602975;-1;1;0;3
2;0;469;807;1409841821.964791615;1409841821.921349149;1602975;-1;1;0;3
2;0;470;807;1409841821.965409710;1409841821.921366680;1602975;-1;1;0;3
2;0;471;807;1409841821.966280072;1409841821.921380019;1602975;-1;1;0;3
2;0;472;807;1409841821.967146942;1409841821.921390705;1602975;-1;1;0;3
2;0;473;807;1409841821.968056486;1409841821.921400972;1602975;-1;1;0;3
2;0;474;807;1409841821.968889692;1409841821.921411238;1602975;-1;1;0;3
2;0;475;807;1409841821.969598441;1409841821.921421575;1602975;-1;1;0;3
2;0;476;807;1409841821.970413489;1409841821.921431632;1602975;-1;1;0;3
2;0;477;807;1409841821.971323870;1409841821.921443156;1602975;-1;1;0;3
2;0;478;807;1409841821.972249407;1409841821.921454051;1602975;-1;1;0;3
2;0;479;807;1409841821.973014099;1409841821.921465435;1602975;-1;1;0;3
2;0;480;807;1409841821.973791014;1409841821.921476749;1602975;-1;1;0;3
2;0;481;807;1409841821.974621147;1409841821.921494559;1602975;-1;1;0;3
2;0;482;807;1409841821.975462735;1409841821.921506013;1602975;-1;1;0;3
2;0;483;807;1409841821.976419909;1409841821.921519283;1602975;-1;1;0;3
2;0;484;807;1409841821.977261706;1409841821.921531994;1602975;-1;1;0;3
2;0;485;807;1409841821.978114888;1409841821.921542889;1602975;-1;1;0;3
2;0;486;807;1409841821.978850107;1409841821.921553924;1602975;-1;1;0;3
2;0;487;807;1409841821.979767612;1409841821.921565448;1602975;-1;1;0;3
2;0;488;807;1409841821.980728209;1409841821.921577880;1602975;-1;1;0;3
2;0;489;807;1409841821.981364323;1409841821.921590381;1602975;-1;1;0;3
2;0;490;807;1409841821.982210450;1409841821.921601416;1602975;-1;1;0;3
2;0;491;807;1409841821.983011600;1409841821.921612032;1602975;-1;1;0;3
2;0;492;807;1409841821.983854584;1409841821.921623835;1602975;-1;1;0;3
2;0;493;807;1409841821.984725714;1409841821.921634591;1602975;-1;1;0;3
2;0;494;807;1409841821.985506610;1409841821.921645207;1602975;-1;1;0;3
2;0;495;807;1409841821.986393454;1409841821.921658197;1602975;-1;1;0;3
2;0;496;807;1409841821.987214858;1409841821.921670000;1602975;-1;1;0;3
2;0;497;807;1409841821.988117207;1409841821.952990673;1602975;-1;1;0;3
2;0;498;807;1409841821.988877569;1409841821.953022241;1602975;-1;1;0;3
2;0;499;807;1409841821.989702255;1409841821.953038165;1602975;-1;1;0;3
2;0;500;807;1409841821.990535182;1409841821.953050597;1602975;-1;1;0;3
2;0;501;807;1409841821.991356166;1409841821.953062540;1602975;-1;1;0;3
2;0;502;807;1409841821.992169678;1409841821.953076229;1602975;-1;1;0;3
2;0;503;807;1409841821.993046744;1409841821.953088800;1602975;-1;1;0;3
2;0;504;807;1409841821.993845868;1409841821.953102000;1602975;-1;1;0;3
2;0;505;807;1409841821.994736973;1409841821.953114641;1602975;-1;1;0;3
2;0;506;807;1409841821.995556002;1409841821.953127213;1602975;-1;1;0;3
2;0;507;807;1409841821.996427691;1409841821.953139365;1602975;-1;1;0;3
2;0;508;807;1409841821.997245393;1409841821.953153613;1602975;-1;1;0;3
2;0;509;807;1409841821.998127907;1409841821.953166533;1602975;-1;1;0;3
2;0;510;807;1409841821.998963977;1409841821.953180851;1602975;-1;1;0;3
2;0;511;807;1409841821.999789781;1409841821.953191886;1602975;-1;1;0;3
2;0;512;807;1409841822.723279;1409841821.953202571;1602975;-1;1;0;3
2;0;513;807;1409841822.1550619;1409841821.953212768;1602975;-1;1;0;3
2;0;514;807;1409841822.2389972;1409841821.953223105;1602975;-1;1;0;3
2;0;515;807;1409841822.3221502;1409841821.953233791;1602975;-1;1;0;3
2;0;516;807;1409841822.4054708;1409841821.953244197;1602975;-1;1;0;3
2;0;517;807;1409841822.4791744;1409841821.953254813;1602975;-1;1;0;3
2;0;518;807;1409841822.5615382;1409841821.953264730;1602975;-1;1;0;3
2;0;519;807;1409841822.6450195;1409841821.953275346;1602975;-1;1;0;3
2;0;520;807;1409841822.7349192;1409841821.953285892;1602975;-1;1;0;3
2;0;521;807;1409841822.8162773;1409841821.953295810;1602975;-1;1;0;3
2;0;522;807;1409841822.9097040;1409841821.953306425;1602975;-1;1;0;3
2;0;523;807;1409841822.9918792;1409841821.953316762;1602975;-1;1;0;3
2;0;524;807;1409841822.10758983;1409841821.953327238;1602975;-1;1;0;3
2;0;525;807;1409841822.11597567;1409841821.953338832;1602975;-1;1;0;3
2;0;526;807;1409841822.12428539;1409841821.953349448;1602975;-1;1;0;3
2;0;527;807;1409841822.13192393;1409841821.953359575;1602975;-1;1;0;3
2;0;528;807;1409841822.14032095;1409841821.953371238;1602975;-1;1;0;3
2;0;529;807;1409841822.14818158;1409841821.953382064;1602975;-1;1;0;3
2;0;530;807;1409841822.15686565;1409841821.953392540;1602975;-1;1;0;3
2;0;531;807;1409841822.16574876;1409841821.953402806;1602975;-1;1;0;3
2;0;532;807;1409841822.17405708;1409841821.953413143;1602975;-1;1;0;3
2;0;533;807;1409841822.18222013;1409841821.953423130;1602975;-1;1;0;3
2;0;534;807;1409841822.19137213;1409841821.953433467;1602975;-1;1;0;3
2;0;535;807;1409841822.19974261;1409841821.984763987;1602975;-1;1;0;3
2;0;536;807;1409841822.20835474;1409841821.984789270;1602975;-1;1;0;3
2;0;537;807;1409841822.21516985;1409841821.984831384;1602975;-1;1;0;3
2;0;538;807;1409841822.22412071;1409841821.984847238;1602975;-1;1;0;3
2;0;539;807;1409841822.23219715;1409841821.984859879;1602975;-1;1;0;3
2;0;540;807;1409841822.24172071;1409841821.984872381;1602975;-1;1;0;3
2;0;541;807;1409841822.25003602;1409841821.984884184;1602975;-1;1;0;3
2;0;542;807;1409841822.25830522;1409841821.984896057;1602975;-1;1;0;3
2;0;543;807;1409841822.26668688;1409841821.984907860;1602975;-1;1;0;3
2;0;544;807;1409841822.27437361;1409841821.984920083;1602975;-1;1;0;3
2;0;545;807;1409841822.28269520;1409841821.984932305;1602975;-1;1;0;3
2;0;546;807;1409841822.29104542;1409841821.984944806;1602975;-1;1;0;3
2;0;547;807;1409841822.29931533;1409841821.984956540;1602975;-1;1;0;3
2;0;548;807;1409841822.30780733;1409841821.984983498;1602975;-1;1;0;3
2;0;549;807;1409841822.31553946;1409841821.984996978;1602975;-1;1;0;3
2;0;550;807;1409841822.32427730;1409841821.985007594;1602975;-1;1;0;3
2;0;551;807;1409841822.33220498;1409841821.985018698;1602975;-1;1;0;3
2;0;552;807;1409841822.34132975;1409841821.985029384;1602975;-1;1;0;3
2;0;553;807;1409841822.34923857;1409841821.985039511;1602975;-1;1;0;3
2;0;554;807;1409841822.35884385;1409841821.985049778;1602975;-1;1;0;3
2;0;555;807;1409841822.36723388;1409841821.985059905;1602975;-1;1;0;3
2;0;556;807;1409841822.37563858;1409841821.985070102;1602975;-1;1;0;3
2;0;557;807;1409841822.38392385;1409841821.985080997;1602975;-1;1;0;3
2;0;558;807;1409841822.39196677;1409841821.985091403;1602975;-1;1;0;3
2;0;559;807;1409841822.40070951;1409841821.985101740;1602975;-1;1;0;3
2;0;560;807;1409841822.40862113;1409841821.985112006;1602975;-1;1;0;3
2;0;561;807;1409841822.41626316;1409841821.985121854;1602975;-1;1;0;3
2;0;562;807;1409841822.42459662;1409841821.985132051;1602975;-1;1;0;3
2;0;563;807;1409841822.43294475;1409841821.985142178;1602975;-1;1;0;3
2;0;564;807;1409841822.44146888;1409841821.985152864;1602975;-1;1;0;3
2;0;565;807;1409841822.45014666;1409841821.985163689;1602975;-1;1;0;3
2;0;566;807;1409841822.45835580;1409841821.985174444;1602975;-1;1;0;3
2;0;567;807;1409841822.46662222;1409841821.985185340;1602975;-1;1;0;3
2;0;568;807;1409841822.47573231;1409841821.985195467;1602975;-1;1;0;3
2;0;569;807;1409841822.48408952;1409841821.985206222;1602975;-1;1;0;3
2;0;570;807;1409841822.49221975;1409841821.985216419;1602975;-1;1;0;3
2;0;571;807;1409841822.50045054;1409841821.985226476;1602975;-1;1;0;3
2;0;572;807;1409841822.50934483;1409841821.985236603;1602975;-1;1;0;3
2;0;573;807;1409841822.51760077;1409841822.16585492;1602975;-1;1;0;3
2;0;574;807;1409841822.52643499;1409841822.16620273;1602975;-1;1;0;3
2;0;575;807;1409841822.53387029;1409841822.16635987;1602975;-1;1;0;3
2;0;576;807;1409841822.54218909;1409841822.16649746;1602975;-1;1;0;3
2;0;577;807;1409841822.55071741;1409841822.16663854;1602975;-1;1;0;3
2;0;578;807;1409841822.55958795;1409841822.16677752;1602975;-1;1;0;3
2;0;579;807;1409841822.56786693;1409841822.16692419;1602975;-1;1;0;3
2;0;580;807;1409841822.57624998;1409841822.16706108;1602975;-1;1;0;3
2;0;581;807;1409841822.58375303;1409841822.16720635;1602975;-1;1;0;3
2;0;582;807;1409841822.59298745;1409841822.16735651;1602975;-1;1;0;3
2;0;583;807;1409841822.60136631;1409841822.16749130;1602975;-1;1;0;3
2;0;584;807;1409841822.60978707;1409841822.16763517;1602975;-1;1;0;3
2;0;585;807;1409841822.61811774;1409841822.16776578;1602975;-1;1;0;3
2;0;586;807;1409841822.62650917;1409841822.16787682;1602975;-1;1;0;3
2;0;587;807;1409841822.63486009;1409841822.16798298;1602975;-1;1;0;3
2;0;588;807;1409841822.64320403;1409841822.16846419;1602975;-1;1;0;3
2;0;589;807;1409841822.65159267;1409841822.16857803;1602975;-1;1;0;3
2;0;590;807;1409841822.66004276;1409841822.16868140;1602975;-1;1;0;3
2;0;591;807;1409841822.66840067;1409841822.16878057;1602975;-1;1;0;3
2;0;592;807;1409841822.67677045;1409841822.16889790;1602975;-1;1;0;3
2;0;593;807;1409841822.68512207;1409841822.16900965;1602975;-1;1;0;3
2;0;594;807;1409841822.69357217;1409841822.16911371;1602975;-1;1;0;3
2;0;595;807;1409841822.70187560;1409841822.16921359;1602975;-1;1;0;3
2;0;596;807;1409841822.71019858;1409841822.16931625;1602975;-1;1;0;3
2;0;597;807;1409841822.71862074;1409841822.16942311;1602975;-1;1;0;3
2;0;598;807;1409841822.72696957;1409841822.16952438;1602975;-1;1;0;3
2;0;599;807;1409841822.73537357;1409841822.16963473;1602975;-1;1;0;3
2;0;600;807;1409841822.74370424;1409841822.16973740;1602975;-1;1;0;3
2;0;601;807;1409841822.75212989;1409841822.16984076;1602975;-1;1;0;3
2;0;602;807;1409841822.76050386;1409841822.16994063;1602975;-1;1;0;3
2;0;603;807;1409841822.76830513;1409841822.17004400;1602975;-1;1;0;3
2;0;604;807;1409841822.77667212;1409841822.17014457;1602975;-1;1;0;3
2;0;605;807;1409841822.78463891;1409841822.17024514;1602975;-1;1;0;3
2;0;606;807;1409841822.79373784;1409841822.17034292;1602975;-1;1;0;3
2;0;607;807;1409841822.80277250;1409841822.17044768;1602975;-1;1;0;3
2;0;608;807;1409841822.80987117;1409841822.17055733;1602975;-1;1;0;3
2;0;609;807;1409841822.81875149;1409841822.17066140;1602975;-1;1;0;3
2;0;610;807;1409841822.82671968;1409841822.17076406;1602975;-1;1;0;3
2;0;611;807;1409841822.83514534;1409841822.48432768;1602975;-1;1;0;3
2;0;612;807;1409841822.84311004;1409841822.48455327;1602975;-1;1;0;3
2;0;613;807;1409841822.85221734;1409841822.48464197;1602975;-1;1;0;3
2;0;614;807;1409841822.86055150;1409841822.48472857;1602975;-1;1;0;3
2;0;615;807;1409841822.86970769;1409841822.48482146;1602975;-1;1;0;3
2;0;616;807;1409841822.87811519;1409841822.48490666;1602975;-1;1;0;3
2;0;617;807;1409841822.88643468;1409841822.48499047;1602975;-1;1;0;3
2;0;618;807;1409841822.89489386;1409841822.48507708;1602975;-1;1;0;3
2;0;619;807;1409841822.90319938;1409841822.48516508;1602975;-1;1;0;3
2;0;620;807;1409841822.91045449;1409841822.48524609;1602975;-1;1;0;3
2;0;621;807;1409841822.91843945;1409841822.48533200;1602975;-1;1;0;3
2;0;622;807;1409841822.92734072;1409841822.48542279;1602975;-1;1;0;3
2;0;623;807;1409841822.93540390;1409841822.48551149;1602975;-1;1;0;3
2;0;624;807;1409841822.94359628;1409841822.48558412;1602975;-1;1;0;3
2;0;625;807;1409841822.95262536;1409841822.48565746;1602975;-1;1;0;3
2;0;626;807;1409841822.96115577;1409841822.48572870;1602975;-1;1;0;3
2;0;627;807;1409841822.96959330;1409841822.48594101;1602975;-1;1;0;3
2;0;628;807;1409841822.97875787;1409841822.48605066;1602975;-1;1;0;3
2;0;629;807;1409841822.98698378;1409841822.48612819;1602975;-1;1;0;3
2;0;630;807;1409841822.99532213;1409841822.48620292;1602975;-1;1;0;3
2;0;631;807;1409841822.100260169;1409841822.48628044;1602975;-1;1;0;3
2;0;632;807;1409841822.101216086;1409841822.48635378;1602975;-1;1;0;3
2;0;633;807;1409841822.102044404;1409841822.48642501;1602975;-1;1;0;3
2;0;634;807;1409841822.102882569;1409841822.48650673;1602975;-1;1;0;3
2;0;635;807;1409841822.103719966;1409841822.48657936;1602975;-1;1;0;3
2;0;636;807;1409841822.104556735;1409841822.48665060;1602975;-1;1;0;3
2;0;637;807;1409841822.105399230;1409841822.48672184;1602975;-1;1;0;3
2;0;638;807;1409841822.106231668;1409841822.48679098;1602975;-1;1;0;3
2;0;639;807;1409841822.107065853;1409841822.48686432;1602975;-1;1;0;3
2;0;640;807;1409841822.107906113;1409841822.48693625;1602975;-1;1;0;3
2;0;641;807;1409841822.108734221;1409841822.48700679;1602975;-1;1;0;3
2;0;642;807;1409841822.109461199;1409841822.48707943;1602975;-1;1;0;3
2;0;643;807;1409841822.110346368;1409841822.48715765;1602975;-1;1;0;3
2;0;644;807;1409841822.111207371;1409841822.48722959;1602975;-1;1;0;3
2;0;645;807;1409841822.112108533;1409841822.48730501;1602975;-1;1;0;3
2;0;646;807;1409841822.112880628;1409841822.48738044;1602975;-1;1;0;3
2;0;647;807;1409841822.113659638;1409841822.48745308;1602975;-1;1;0;3
2;0;648;807;1409841822.114612972;1409841822.48752920;1602975;-1;1;0;3
2;0;649;807;1409841822.115447994;1409841822.80308330;1602975;-1;1;0;3
2;0;650;807;1409841822.116287905;1409841822.80340387;1602975;-1;1;0;3
2;0;651;807;1409841822.117121112;1409841822.80355612;1602975;-1;1;0;3
2;0;652;807;1409841822.117851861;1409841822.80368463;1602975;-1;1;0;3
2;0;653;807;1409841822.118725576;1409841822.80382012;1602975;-1;1;0;3
2;0;654;807;1409841822.119538109;1409841822.80395073;1602975;-1;1;0;3
2;0;655;807;1409841822.120481665;1409841822.80407435;1602975;-1;1;0;3
2;0;656;807;1409841822.121537036;1409841822.80420425;1602975;-1;1;0;3
2;0;657;807;1409841822.122075373;1409841822.80432577;1602975;-1;1;0;3
2;0;658;807;1409841822.122908510;1409841822.80444520;1602975;-1;1;0;3
2;0;659;807;1409841822.123827830;1409841822.80456603;1602975;-1;1;0;3
2;0;660;807;1409841822.124756720;1409841822.80470781;1602975;-1;1;0;3
2;0;661;807;1409841822.125369647;1409841822.80482933;1602975;-1;1;0;3
2;0;662;807;1409841822.126260682;1409841822.80493479;1602975;-1;1;0;3
2;0;663;807;1409841822.127109672;1409841822.80503606;1602975;-1;1;0;3
2;0;664;807;1409841822.128019146;1409841822.80514990;1602975;-1;1;0;3
2;0;665;807;1409841822.128863597;1409841822.80525397;1602975;-1;1;0;3
2;0;666;807;1409841822.129690448;1409841822.80535593;1602975;-1;1;0;3
2;0;667;807;1409841822.130555711;1409841822.80545441;1602975;-1;1;0;3
2;0;668;807;1409841822.131359864;1409841822.80555428;1602975;-1;1;0;3
2;0;669;807;1409841822.132214651;1409841822.80565416;1602975;-1;1;0;3
2;0;670;807;1409841822.133046601;1409841822.80575682;1602975;-1;1;0;3
2;0;671;807;1409841822.133721547;1409841822.80586717;1602975;-1;1;0;3
2;0;672;807;1409841822.134586321;1409841822.80598311;1602975;-1;1;0;3
2;0;673;807;1409841822.135455706;1409841822.80608857;1602975;-1;1;0;3
2;0;674;807;1409841822.136339477;1409841822.80619263;1602975;-1;1;0;3
2;0;675;807;1409841822.137226741;1409841822.80629739;1602975;-1;1;0;3
2;0;676;807;1409841822.138057643;1409841822.80639797;1602975;-1;1;0;3
2;0;677;807;1409841822.138811859;1409841822.80649784;1602975;-1;1;0;3
2;0;678;807;1409841822.139732437;1409841822.80661168;1602975;-1;1;0;3
2;0;679;807;1409841822.140576469;1409841822.80672203;1602975;-1;1;0;3
2;0;680;807;1409841822.141286824;1409841822.80684216;1602975;-1;1;0;3
2;0;681;807;1409841822.142121498;1409841822.80694552;1602975;-1;1;0;3
2;0;682;807;1409841822.142941434;1409841822.80705587;1602975;-1;1;0;3
2;0;683;807;1409841822.143769682;1409841822.80716482;1602975;-1;1;0;3
2;0;684;807;1409841822.144640184;1409841822.80728216;1602975;-1;1;0;3
2;0;685;807;1409841822.145468362;1409841822.80748889;1602975;-1;1;0;3
2;0;686;807;1409841822.146375670;1409841822.80762019;1602975;-1;1;0;3
2;0;687;807;1409841822.147191695;1409841822.112123549;1602975;-1;1;0;3
2;0;688;807;1409841822.148124356;1409841822.112155606;1602975;-1;1;0;3
2;0;689;807;1409841822.148916566;1409841822.112170482;1602975;-1;1;0;3
2;0;690;807;1409841822.149671270;1409841822.112183193;1602975;-1;1;0;3
2;0;691;807;1409841822.150495887;1409841822.112195695;1602975;-1;1;0;3
2;0;692;807;1409841822.151392020;1409841822.112207428;1602975;-1;1;0;3
2;0;693;807;1409841822.152309036;1409841822.112219022;1602975;-1;1;0;3
2;0;694;807;1409841822.153140008;1409841822.112231873;1602975;-1;1;0;3
2;0;695;807;1409841822.153963855;1409841822.112243746;1602975;-1;1;0;3
2;0;696;807;1409841822.154727640;1409841822.112257085;1602975;-1;1;0;3
2;0;697;807;1409841822.155648148;1409841822.112269168;1602975;-1;1;0;3
2;0;698;807;1409841822.156481005;1409841822.112282996;1602975;-1;1;0;3
2;0;699;807;1409841822.157242205;1409841822.112295009;1602975;-1;1;0;3
2;0;700;807;1409841822.158086377;1409841822.112305625;1602975;-1;1;0;3
2;0;701;807;1409841822.158930618;1409841822.112316520;1602975;-1;1;0;3
2;0;702;807;1409841822.159848472;1409841822.112326577;1602975;-1;1;0;3
2;0;703;807;1409841822.160671762;1409841822.112337822;1602975;-1;1;0;3
2;0;704;807;1409841822.161515863;1409841822.112348368;1602975;-1;1;0;3
2;0;705;807;1409841822.162355844;1409841822.112377003;1602975;-1;1;0;3
2;0;706;807;1409841822.163113553;1409841822.112391320;1602975;-1;1;0;3
2;0;707;807;1409841822.164023445;1409841822.112401587;1602975;-1;1;0;3
2;0;708;807;1409841822.164780385;1409841822.112412133;1602975;-1;1;0;3
2;0;709;807;1409841822.165569172;1409841822.112422120;1602975;-1;1;0;3
2;0;710;807;1409841822.166448194;1409841822.112432317;1602975;-1;1;0;3
2;0;711;807;1409841822.167231255;1409841822.112442933;1602975;-1;1;0;3
2;0;712;807;1409841822.168209103;1409841822.112453130;1602975;-1;1;0;3
2;0;713;807;1409841822.168974703;1409841822.112463955;1602975;-1;1;0;3
2;0;714;807;1409841822.169818735;1409841822.112475409;1602975;-1;1;0;3
2;0;715;807;1409841822.170617649;1409841822.112486933;1602975;-1;1;0;3
2;0;716;807;1409841822.171448062;1409841822.112497619;1602975;-1;1;0;3
2;0;717;807;1409841822.172345243;1409841822.112507955;1602975;-1;1;0;3
2;0;718;807;1409841822.173138361;1409841822.112517873;1602975;-1;1;0;3
2;0;719;807;1409841822.173997758;1409841822.112528838;1602975;-1;1;0;3
2;0;720;807;1409841822.174844094;1409841822.112538965;1602975;-1;1;0;3
2;0;721;807;1409841822.175748120;1409841822.112549022;1602975;-1;1;0;3
2;0;722;807;1409841822.176495981;1409841822.112559289;1602975;-1;1;0;3
2;0;723;807;1409841822.177351885;1409841822.112569625;1602975;-1;1;0;3
2;0;724;807;1409841822.178260870;1409841822.112579822;1602975;-1;1;0;3
2;0;725;807;1409841822.179023187;1409841822.143825834;1602975;-1;1;0;3
2;0;726;807;1409841822.179946629;1409841822.143851746;1602975;-1;1;0;3
2;0;727;807;1409841822.180721448;1409841822.143864526;1602975;-1;1;0;3
2;0;728;807;1409841822.181712845;1409841822.143876469;1602975;-1;1;0;3
2;0;729;807;1409841822.182320604;1409841822.143888412;1602975;-1;1;0;3
2;0;730;807;1409841822.183145220;1409841822.143900565;1602975;-1;1;0;3
2;0;731;807;1409841822.184028433;1409841822.143912927;1602975;-1;1;0;3
2;0;732;807;1409841822.184897538;1409841822.143925428;1602975;-1;1;0;3
2;0;733;807;1409841822.185739405;1409841822.143938000;1602975;-1;1;0;3
2;0;734;807;1409841822.186646224;1409841822.143950711;1602975;-1;1;0;3
2;0;735;807;1409841822.187476427;1409841822.143963142;1602975;-1;1;0;3
2;0;736;807;1409841822.188307957;1409841822.143976761;1602975;-1;1;0;3
2;0;737;807;1409841822.189099539;1409841822.143988425;1602975;-1;1;0;3
2;0;738;807;1409841822.189867024;1409841822.143998692;1602975;-1;1;0;3
2;0;739;807;1409841822.190690313;1409841822.144016780;1602975;-1;1;0;3
2;0;740;807;1409841822.191523310;1409841822.144027955;1602975;-1;1;0;3
2;0;741;807;1409841822.192357704;1409841822.144038361;1602975;-1;1;0;3
2;0;742;807;1409841822.193257190;1409841822.144049187;1602975;-1;1;0;3
2;0;743;807;1409841822.194079990;1409841822.144060850;1602975;-1;1;0;3
2;0;744;807;1409841822.194891406;1409841822.144071187;1602975;-1;1;0;3
2;0;745;807;1409841822.195726918;1409841822.144081454;1602975;-1;1;0;3
2;0;746;807;1409841822.196602448;1409841822.144091581;1602975;-1;1;0;3
2;0;747;807;1409841822.197404156;1409841822.144101498;1602975;-1;1;0;3
2;0;748;807;1409841822.198266766;1409841822.144112533;1602975;-1;1;0;3
2;0;749;807;1409841822.199091731;1409841822.144123288;1602975;-1;1;0;3
2;0;750;807;1409841822.200010703;1409841822.144133555;1602975;-1;1;0;3
2;0;751;807;1409841822.200842023;1409841822.144144520;1602975;-1;1;0;3
2;0;752;807;1409841822.201675230;1409841822.144154508;1602975;-1;1;0;3
2;0;753;807;1409841822.202430075;1409841822.144164704;1602975;-1;1;0;3
2;0;754;807;1409841822.203347230;1409841822.144175809;1602975;-1;1;0;3
2;0;755;807;1409841822.204184348;1409841822.144186146;1602975;-1;1;0;3
2;0;756;807;1409841822.204956723;1409841822.144196273;1602975;-1;1;0;3
2;0;757;807;1409841822.205826316;1409841822.144206609;1602975;-1;1;0;3
2;0;758;807;1409841822.206600507;1409841822.144216596;1602975;-1;1;0;3
2;0;759;807;1409841822.207449707;1409841822.144226514;1602975;-1;1;0;3
2;0;760;807;1409841822.208265174;1409841822.144237549;1602975;-1;1;0;3
2;0;761;807;1409841822.209117447;1409841822.144247746;1602975;-1;1;0;3
2;0;762;807;1409841822.209934101;1409841822.144257733;1602975;-1;1;0;3
2;0;763;807;1409841822.210816825;1409841822.175777384;1602975;-1;1;0;3
2;0;764;807;1409841822.211626705;1409841822.175809371;1602975;-1;1;0;3
2;0;765;807;1409841822.212462216;1409841822.175822501;1602975;-1;1;0;3
2;0;766;807;1409841822.213290743;1409841822.175834863;1602975;-1;1;0;3
2;0;767;807;1409841822.214129188;1409841822.175847923;1602975;-1;1;0;3
2;0;768;807;1409841822.214970147;1409841822.175860215;1602975;-1;1;0;3
2;0;769;807;1409841822.215790363;1409841822.175872158;1602975;-1;1;0;3
2;0;770;807;1409841822.216640052;1409841822.175883892;1602975;-1;1;0;3
2;0;771;807;1409841822.217767081;1409841822.175896463;1602975;-1;1;0;3
2;0;772;807;1409841822.220918599;1409841822.175909453;1602975;-1;1;0;3
2;0;773;807;1409841822.220925443;1409841822.175921536;1602975;-1;1;0;3
2;0;774;807;1409841822.220930472;1409841822.175935434;1602975;-1;1;0;3
2;0;775;807;1409841822.220935012;1409841822.175947936;1602975;-1;1;0;3
2;0;776;807;1409841822.221641107;1409841822.175959111;1602975;-1;1;0;3
2;0;777;807;1409841822.222494358;1409841822.175970076;1602975;-1;1;0;3
2;0;778;807;1409841822.223323653;1409841822.175980342;1602975;-1;1;0;3
2;0;779;807;1409841822.224260225;1409841822.175990609;1602975;-1;1;0;3
2;0;780;807;1409841822.225022193;1409841822.176000946;1602975;-1;1;0;3
2;0;781;807;1409841822.225859171;1409841822.176011003;1602975;-1;1;0;3
2;0;782;807;1409841822.226689654;1409841822.176020990;1602975;-1;1;0;3
2;0;783;807;1409841822.227768562;1409841822.176031606;1602975;-1;1;0;3
2;0;784;807;1409841822.228359699;1409841822.176060730;1602975;-1;1;0;3
2;0;785;807;1409841822.229200867;1409841822.176075606;1602975;-1;1;0;3
2;0;786;807;1409841822.230051674;1409841822.176086990;1602975;-1;1;0;3
2;0;787;807;1409841822.230916169;1409841822.176097396;1602975;-1;1;0;3
2;0;788;807;1409841822.231723395;1409841822.176109200;1602975;-1;1;0;3
2;0;789;807;1409841822.232558138;1409841822.176119606;1602975;-1;1;0;3
2;0;790;807;1409841822.233364595;1409841822.176130711;1602975;-1;1;0;3
2;0;791;807;1409841822.234224341;1409841822.176140768;1602975;-1;1;0;3
2;0;792;807;1409841822.235134722;1409841822.176151174;1602975;-1;1;0;3
2;0;793;807;1409841822.235936500;1409841822.176161092;1602975;-1;1;0;3
2;0;794;807;1409841822.236737719;1409841822.176171149;1602975;-1;1;0;3
2;0;795;807;1409841822.237584126;1409841822.176181276;1602975;-1;1;0;3
2;0;796;807;1409841822.238407624;1409841822.176191473;1602975;-1;1;0;3
2;0;797;807;1409841822.239240831;1409841822.176203415;1602975;-1;1;0;3
2;0;798;807;1409841822.240082209;1409841822.176213752;1602975;-1;1;0;3
2;0;799;807;1409841822.240934901;1409841822.176224158;1602975;-1;1;0;3
2;0;800;807;1409841822.241758400;1409841822.176235403;1602975;-1;1;0;3
2;0;801;807;1409841822.242600825;1409841822.207463326;1602975;-1;1;0;3
2;0;802;807;1409841822.243411892;1409841822.207482253;1602975;-1;1;0;3
2;0;803;807;1409841822.244463562;1409841822.207491053;1602975;-1;1;0;3
2;0;804;807;1409841822.245093111;1409841822.207499225;1602975;-1;1;0;3
2;0;805;807;1409841822.245929461;1409841822.207507326;1602975;-1;1;0;3
2;0;806;807;1409841822.246834744;1409841822.207515079;1602975;-1;1;0;3
